# grafo generado automáticamente para TP3
0,1
0,2
0,3
0,4
0,5
0,6
0,7
0,8
0,9
0,10
0,11
0,12
0,13
0,14
0,15
0,16
0,17
0,18
0,19
0,20
0,21
0,22
0,23
0,24
0,25
0,26
0,27
0,28
0,29
0,30
0,31
0,32
0,33
0,34
1,2
1,3
1,4
1,5
1,6
1,7
1,8
1,9
1,10
1,11
1,12
1,13
1,14
1,15
1,16
1,17
1,18
1,19
1,20
1,21
1,22
1,23
1,24
1,25
1,26
1,27
1,28
1,29
1,30
1,31
1,32
1,33
1,34
2,3
2,4
2,5
2,6
2,7
2,8
2,9
2,10
2,11
2,12
2,13
2,14
2,15
2,16
2,17
2,18
2,19
2,20
2,21
2,22
2,23
2,24
2,25
2,26
2,27
2,28
2,29
2,30
2,31
2,32
2,33
2,34
3,4
3,5
3,6
3,7
3,8
3,9
3,10
3,11
3,12
3,13
3,14
3,15
3,16
3,17
3,18
3,19
3,20
3,21
3,22
3,23
3,24
3,25
3,26
3,27
3,28
3,29
3,30
3,31
3,32
3,33
3,34
3,130
4,5
4,6
4,7
4,8
4,9
4,10
4,11
4,12
4,13
4,14
4,15
4,16
4,17
4,18
4,19
4,20
4,21
4,22
4,23
4,24
4,25
4,26
4,27
4,28
4,29
4,30
4,31
4,32
4,33
4,34
4,137
4,138
5,6
5,7
5,8
5,9
5,10
5,11
5,12
5,13
5,14
5,15
5,16
5,17
5,18
5,19
5,20
5,21
5,22
5,23
5,24
5,25
5,26
5,27
5,28
5,29
5,30
5,31
5,32
5,33
5,34
5,173
6,7
6,8
6,9
6,10
6,11
6,12
6,13
6,14
6,15
6,16
6,17
6,18
6,19
6,20
6,21
6,22
6,23
6,24
6,25
6,26
6,27
6,28
6,29
6,30
6,31
6,32
6,33
6,34
7,8
7,9
7,10
7,11
7,12
7,13
7,14
7,15
7,16
7,17
7,18
7,19
7,20
7,21
7,22
7,23
7,24
7,25
7,26
7,27
7,28
7,29
7,30
7,31
7,32
7,33
7,34
7,237
8,9
8,10
8,11
8,12
8,13
8,14
8,15
8,16
8,17
8,18
8,19
8,20
8,21
8,22
8,23
8,24
8,25
8,26
8,27
8,28
8,29
8,30
8,31
8,32
8,33
8,34
9,10
9,11
9,12
9,13
9,14
9,15
9,16
9,17
9,18
9,19
9,20
9,21
9,22
9,23
9,24
9,25
9,26
9,27
9,28
9,29
9,30
9,31
9,32
9,33
9,34
9,146
9,198
10,11
10,12
10,13
10,14
10,15
10,16
10,17
10,18
10,19
10,20
10,21
10,22
10,23
10,24
10,25
10,26
10,27
10,28
10,29
10,30
10,31
10,32
10,33
10,34
10,125
10,141
11,12
11,13
11,14
11,15
11,16
11,17
11,18
11,19
11,20
11,21
11,22
11,23
11,24
11,25
11,26
11,27
11,28
11,29
11,30
11,31
11,32
11,33
11,34
11,254
12,13
12,14
12,15
12,16
12,17
12,18
12,19
12,20
12,21
12,22
12,23
12,24
12,25
12,26
12,27
12,28
12,29
12,30
12,31
12,32
12,33
12,34
12,171
12,225
13,14
13,15
13,16
13,17
13,18
13,19
13,20
13,21
13,22
13,23
13,24
13,25
13,26
13,27
13,28
13,29
13,30
13,31
13,32
13,33
13,34
13,140
14,15
14,16
14,17
14,18
14,19
14,20
14,21
14,22
14,23
14,24
14,25
14,26
14,27
14,28
14,29
14,30
14,31
14,32
14,33
14,34
14,267
15,16
15,17
15,18
15,19
15,20
15,21
15,22
15,23
15,24
15,25
15,26
15,27
15,28
15,29
15,30
15,31
15,32
15,33
15,34
15,58
16,17
16,18
16,19
16,20
16,21
16,22
16,23
16,24
16,25
16,26
16,27
16,28
16,29
16,30
16,31
16,32
16,33
16,34
16,179
17,18
17,19
17,20
17,21
17,22
17,23
17,24
17,25
17,26
17,27
17,28
17,29
17,30
17,31
17,32
17,33
17,34
17,129
17,205
18,19
18,20
18,21
18,22
18,23
18,24
18,25
18,26
18,27
18,28
18,29
18,30
18,31
18,32
18,33
18,34
18,73
19,20
19,21
19,22
19,23
19,24
19,25
19,26
19,27
19,28
19,29
19,30
19,31
19,32
19,33
19,34
19,35
20,21
20,22
20,23
20,24
20,25
20,26
20,27
20,28
20,29
20,30
20,31
20,32
20,33
20,34
21,22
21,23
21,24
21,25
21,26
21,27
21,28
21,29
21,30
21,31
21,32
21,33
21,34
22,23
22,24
22,25
22,26
22,27
22,28
22,29
22,30
22,31
22,32
22,33
22,34
22,80
22,274
23,24
23,25
23,26
23,27
23,28
23,29
23,30
23,31
23,32
23,33
23,34
23,91
24,25
24,26
24,27
24,28
24,29
24,30
24,31
24,32
24,33
24,34
25,26
25,27
25,28
25,29
25,30
25,31
25,32
25,33
25,34
25,239
25,259
26,27
26,28
26,29
26,30
26,31
26,32
26,33
26,34
26,66
26,194
26,254
27,28
27,29
27,30
27,31
27,32
27,33
27,34
28,29
28,30
28,31
28,32
28,33
28,34
28,88
29,30
29,31
29,32
29,33
29,34
29,35
29,88
29,189
30,31
30,32
30,33
30,34
31,32
31,33
31,34
32,33
32,34
32,68
32,210
33,34
33,219
35,36
35,37
35,38
35,39
35,40
35,41
35,42
35,43
35,44
35,45
35,46
35,47
35,48
35,49
35,50
35,51
35,52
35,53
35,54
35,55
35,56
35,57
35,58
35,59
35,60
35,61
35,62
35,63
35,64
35,65
35,66
35,67
35,68
35,69
35,167
36,37
36,38
36,39
36,40
36,41
36,42
36,43
36,44
36,45
36,46
36,47
36,48
36,49
36,50
36,51
36,52
36,53
36,54
36,55
36,56
36,57
36,58
36,59
36,60
36,61
36,62
36,63
36,64
36,65
36,66
36,67
36,68
36,69
36,79
37,38
37,39
37,40
37,41
37,42
37,43
37,44
37,45
37,46
37,47
37,48
37,49
37,50
37,51
37,52
37,53
37,54
37,55
37,56
37,57
37,58
37,59
37,60
37,61
37,62
37,63
37,64
37,65
37,66
37,67
37,68
37,69
37,150
37,265
38,39
38,40
38,41
38,42
38,43
38,44
38,45
38,46
38,47
38,48
38,49
38,50
38,51
38,52
38,53
38,54
38,55
38,56
38,57
38,58
38,59
38,60
38,61
38,62
38,63
38,64
38,65
38,66
38,67
38,68
38,69
38,76
38,182
39,40
39,41
39,42
39,43
39,44
39,45
39,46
39,47
39,48
39,49
39,50
39,51
39,52
39,53
39,54
39,55
39,56
39,57
39,58
39,59
39,60
39,61
39,62
39,63
39,64
39,65
39,66
39,67
39,68
39,69
39,213
40,41
40,42
40,43
40,44
40,45
40,46
40,47
40,48
40,49
40,50
40,51
40,52
40,53
40,54
40,55
40,56
40,57
40,58
40,59
40,60
40,61
40,62
40,63
40,64
40,65
40,66
40,67
40,68
40,69
41,42
41,43
41,44
41,45
41,46
41,47
41,48
41,49
41,50
41,51
41,52
41,53
41,54
41,55
41,56
41,57
41,58
41,59
41,60
41,61
41,62
41,63
41,64
41,65
41,66
41,67
41,68
41,69
41,257
42,43
42,44
42,45
42,46
42,47
42,48
42,49
42,50
42,51
42,52
42,53
42,54
42,55
42,56
42,57
42,58
42,59
42,60
42,61
42,62
42,63
42,64
42,65
42,66
42,67
42,68
42,69
42,140
43,44
43,45
43,46
43,47
43,48
43,49
43,50
43,51
43,52
43,53
43,54
43,55
43,56
43,57
43,58
43,59
43,60
43,61
43,62
43,63
43,64
43,65
43,66
43,67
43,68
43,69
43,190
43,188
44,45
44,46
44,47
44,48
44,49
44,50
44,51
44,52
44,53
44,54
44,55
44,56
44,57
44,58
44,59
44,60
44,61
44,62
44,63
44,64
44,65
44,66
44,67
44,68
44,69
45,46
45,47
45,48
45,49
45,50
45,51
45,52
45,53
45,54
45,55
45,56
45,57
45,58
45,59
45,60
45,61
45,62
45,63
45,64
45,65
45,66
45,67
45,68
45,69
46,47
46,48
46,49
46,50
46,51
46,52
46,53
46,54
46,55
46,56
46,57
46,58
46,59
46,60
46,61
46,62
46,63
46,64
46,65
46,66
46,67
46,68
46,69
46,136
46,268
47,48
47,49
47,50
47,51
47,52
47,53
47,54
47,55
47,56
47,57
47,58
47,59
47,60
47,61
47,62
47,63
47,64
47,65
47,66
47,67
47,68
47,69
47,112
48,49
48,50
48,51
48,52
48,53
48,54
48,55
48,56
48,57
48,58
48,59
48,60
48,61
48,62
48,63
48,64
48,65
48,66
48,67
48,68
48,69
48,153
49,50
49,51
49,52
49,53
49,54
49,55
49,56
49,57
49,58
49,59
49,60
49,61
49,62
49,63
49,64
49,65
49,66
49,67
49,68
49,69
49,127
49,187
49,177
49,226
50,51
50,52
50,53
50,54
50,55
50,56
50,57
50,58
50,59
50,60
50,61
50,62
50,63
50,64
50,65
50,66
50,67
50,68
50,69
50,124
51,52
51,53
51,54
51,55
51,56
51,57
51,58
51,59
51,60
51,61
51,62
51,63
51,64
51,65
51,66
51,67
51,68
51,69
51,160
52,53
52,54
52,55
52,56
52,57
52,58
52,59
52,60
52,61
52,62
52,63
52,64
52,65
52,66
52,67
52,68
52,69
52,113
53,54
53,55
53,56
53,57
53,58
53,59
53,60
53,61
53,62
53,63
53,64
53,65
53,66
53,67
53,68
53,69
53,266
54,55
54,56
54,57
54,58
54,59
54,60
54,61
54,62
54,63
54,64
54,65
54,66
54,67
54,68
54,69
55,56
55,57
55,58
55,59
55,60
55,61
55,62
55,63
55,64
55,65
55,66
55,67
55,68
55,69
55,224
56,57
56,58
56,59
56,60
56,61
56,62
56,63
56,64
56,65
56,66
56,67
56,68
56,69
57,58
57,59
57,60
57,61
57,62
57,63
57,64
57,65
57,66
57,67
57,68
57,69
57,88
58,59
58,60
58,61
58,62
58,63
58,64
58,65
58,66
58,67
58,68
58,69
58,77
59,60
59,61
59,62
59,63
59,64
59,65
59,66
59,67
59,68
59,69
60,61
60,62
60,63
60,64
60,65
60,66
60,67
60,68
60,69
61,62
61,63
61,64
61,65
61,66
61,67
61,68
61,69
62,63
62,64
62,65
62,66
62,67
62,68
62,69
62,104
62,212
62,224
63,64
63,65
63,66
63,67
63,68
63,69
63,278
64,65
64,66
64,67
64,68
64,69
65,66
65,67
65,68
65,69
66,67
66,68
66,69
67,68
67,69
68,69
70,71
70,72
70,73
70,74
70,75
70,76
70,77
70,78
70,79
70,80
70,81
70,82
70,83
70,84
70,85
70,86
70,87
70,88
70,89
70,90
70,91
70,92
70,93
70,94
70,95
70,96
70,97
70,98
70,99
70,100
70,101
70,102
70,103
70,104
70,207
71,72
71,73
71,74
71,75
71,76
71,77
71,78
71,79
71,80
71,81
71,82
71,83
71,84
71,85
71,86
71,87
71,88
71,89
71,90
71,91
71,92
71,93
71,94
71,95
71,96
71,97
71,98
71,99
71,100
71,101
71,102
71,103
71,104
72,73
72,74
72,75
72,76
72,77
72,78
72,79
72,80
72,81
72,82
72,83
72,84
72,85
72,86
72,87
72,88
72,89
72,90
72,91
72,92
72,93
72,94
72,95
72,96
72,97
72,98
72,99
72,100
72,101
72,102
72,103
72,104
72,135
73,74
73,75
73,76
73,77
73,78
73,79
73,80
73,81
73,82
73,83
73,84
73,85
73,86
73,87
73,88
73,89
73,90
73,91
73,92
73,93
73,94
73,95
73,96
73,97
73,98
73,99
73,100
73,101
73,102
73,103
73,104
74,75
74,76
74,77
74,78
74,79
74,80
74,81
74,82
74,83
74,84
74,85
74,86
74,87
74,88
74,89
74,90
74,91
74,92
74,93
74,94
74,95
74,96
74,97
74,98
74,99
74,100
74,101
74,102
74,103
74,104
74,189
74,261
75,76
75,77
75,78
75,79
75,80
75,81
75,82
75,83
75,84
75,85
75,86
75,87
75,88
75,89
75,90
75,91
75,92
75,93
75,94
75,95
75,96
75,97
75,98
75,99
75,100
75,101
75,102
75,103
75,104
75,167
75,254
76,77
76,78
76,79
76,80
76,81
76,82
76,83
76,84
76,85
76,86
76,87
76,88
76,89
76,90
76,91
76,92
76,93
76,94
76,95
76,96
76,97
76,98
76,99
76,100
76,101
76,102
76,103
76,104
77,78
77,79
77,80
77,81
77,82
77,83
77,84
77,85
77,86
77,87
77,88
77,89
77,90
77,91
77,92
77,93
77,94
77,95
77,96
77,97
77,98
77,99
77,100
77,101
77,102
77,103
77,104
77,115
77,227
78,79
78,80
78,81
78,82
78,83
78,84
78,85
78,86
78,87
78,88
78,89
78,90
78,91
78,92
78,93
78,94
78,95
78,96
78,97
78,98
78,99
78,100
78,101
78,102
78,103
78,104
78,151
79,80
79,81
79,82
79,83
79,84
79,85
79,86
79,87
79,88
79,89
79,90
79,91
79,92
79,93
79,94
79,95
79,96
79,97
79,98
79,99
79,100
79,101
79,102
79,103
79,104
80,81
80,82
80,83
80,84
80,85
80,86
80,87
80,88
80,89
80,90
80,91
80,92
80,93
80,94
80,95
80,96
80,97
80,98
80,99
80,100
80,101
80,102
80,103
80,104
81,82
81,83
81,84
81,85
81,86
81,87
81,88
81,89
81,90
81,91
81,92
81,93
81,94
81,95
81,96
81,97
81,98
81,99
81,100
81,101
81,102
81,103
81,104
81,225
82,83
82,84
82,85
82,86
82,87
82,88
82,89
82,90
82,91
82,92
82,93
82,94
82,95
82,96
82,97
82,98
82,99
82,100
82,101
82,102
82,103
82,104
82,152
83,84
83,85
83,86
83,87
83,88
83,89
83,90
83,91
83,92
83,93
83,94
83,95
83,96
83,97
83,98
83,99
83,100
83,101
83,102
83,103
83,104
83,171
84,85
84,86
84,87
84,88
84,89
84,90
84,91
84,92
84,93
84,94
84,95
84,96
84,97
84,98
84,99
84,100
84,101
84,102
84,103
84,104
85,86
85,87
85,88
85,89
85,90
85,91
85,92
85,93
85,94
85,95
85,96
85,97
85,98
85,99
85,100
85,101
85,102
85,103
85,104
86,87
86,88
86,89
86,90
86,91
86,92
86,93
86,94
86,95
86,96
86,97
86,98
86,99
86,100
86,101
86,102
86,103
86,104
86,264
87,88
87,89
87,90
87,91
87,92
87,93
87,94
87,95
87,96
87,97
87,98
87,99
87,100
87,101
87,102
87,103
87,104
88,89
88,90
88,91
88,92
88,93
88,94
88,95
88,96
88,97
88,98
88,99
88,100
88,101
88,102
88,103
88,104
88,198
89,90
89,91
89,92
89,93
89,94
89,95
89,96
89,97
89,98
89,99
89,100
89,101
89,102
89,103
89,104
90,91
90,92
90,93
90,94
90,95
90,96
90,97
90,98
90,99
90,100
90,101
90,102
90,103
90,104
90,115
91,92
91,93
91,94
91,95
91,96
91,97
91,98
91,99
91,100
91,101
91,102
91,103
91,104
91,106
91,228
91,272
92,93
92,94
92,95
92,96
92,97
92,98
92,99
92,100
92,101
92,102
92,103
92,104
93,94
93,95
93,96
93,97
93,98
93,99
93,100
93,101
93,102
93,103
93,104
94,95
94,96
94,97
94,98
94,99
94,100
94,101
94,102
94,103
94,104
94,186
95,96
95,97
95,98
95,99
95,100
95,101
95,102
95,103
95,104
96,97
96,98
96,99
96,100
96,101
96,102
96,103
96,104
97,98
97,99
97,100
97,101
97,102
97,103
97,104
98,99
98,100
98,101
98,102
98,103
98,104
98,191
99,100
99,101
99,102
99,103
99,104
100,101
100,102
100,103
100,104
101,102
101,103
101,104
101,228
102,103
102,104
102,262
103,104
103,138
103,169
103,233
105,106
105,107
105,108
105,109
105,110
105,111
105,112
105,113
105,114
105,115
105,116
105,117
105,118
105,119
105,120
105,121
105,122
105,123
105,124
105,125
105,126
105,127
105,128
105,129
105,130
105,131
105,132
105,133
105,134
105,135
105,136
105,137
105,138
105,139
105,204
106,107
106,108
106,109
106,110
106,111
106,112
106,113
106,114
106,115
106,116
106,117
106,118
106,119
106,120
106,121
106,122
106,123
106,124
106,125
106,126
106,127
106,128
106,129
106,130
106,131
106,132
106,133
106,134
106,135
106,136
106,137
106,138
106,139
106,216
107,108
107,109
107,110
107,111
107,112
107,113
107,114
107,115
107,116
107,117
107,118
107,119
107,120
107,121
107,122
107,123
107,124
107,125
107,126
107,127
107,128
107,129
107,130
107,131
107,132
107,133
107,134
107,135
107,136
107,137
107,138
107,139
107,149
107,235
108,109
108,110
108,111
108,112
108,113
108,114
108,115
108,116
108,117
108,118
108,119
108,120
108,121
108,122
108,123
108,124
108,125
108,126
108,127
108,128
108,129
108,130
108,131
108,132
108,133
108,134
108,135
108,136
108,137
108,138
108,139
109,110
109,111
109,112
109,113
109,114
109,115
109,116
109,117
109,118
109,119
109,120
109,121
109,122
109,123
109,124
109,125
109,126
109,127
109,128
109,129
109,130
109,131
109,132
109,133
109,134
109,135
109,136
109,137
109,138
109,139
110,111
110,112
110,113
110,114
110,115
110,116
110,117
110,118
110,119
110,120
110,121
110,122
110,123
110,124
110,125
110,126
110,127
110,128
110,129
110,130
110,131
110,132
110,133
110,134
110,135
110,136
110,137
110,138
110,139
110,188
111,112
111,113
111,114
111,115
111,116
111,117
111,118
111,119
111,120
111,121
111,122
111,123
111,124
111,125
111,126
111,127
111,128
111,129
111,130
111,131
111,132
111,133
111,134
111,135
111,136
111,137
111,138
111,139
112,113
112,114
112,115
112,116
112,117
112,118
112,119
112,120
112,121
112,122
112,123
112,124
112,125
112,126
112,127
112,128
112,129
112,130
112,131
112,132
112,133
112,134
112,135
112,136
112,137
112,138
112,139
112,246
113,114
113,115
113,116
113,117
113,118
113,119
113,120
113,121
113,122
113,123
113,124
113,125
113,126
113,127
113,128
113,129
113,130
113,131
113,132
113,133
113,134
113,135
113,136
113,137
113,138
113,139
114,115
114,116
114,117
114,118
114,119
114,120
114,121
114,122
114,123
114,124
114,125
114,126
114,127
114,128
114,129
114,130
114,131
114,132
114,133
114,134
114,135
114,136
114,137
114,138
114,139
114,171
114,153
115,116
115,117
115,118
115,119
115,120
115,121
115,122
115,123
115,124
115,125
115,126
115,127
115,128
115,129
115,130
115,131
115,132
115,133
115,134
115,135
115,136
115,137
115,138
115,139
116,117
116,118
116,119
116,120
116,121
116,122
116,123
116,124
116,125
116,126
116,127
116,128
116,129
116,130
116,131
116,132
116,133
116,134
116,135
116,136
116,137
116,138
116,139
116,184
116,205
116,259
117,118
117,119
117,120
117,121
117,122
117,123
117,124
117,125
117,126
117,127
117,128
117,129
117,130
117,131
117,132
117,133
117,134
117,135
117,136
117,137
117,138
117,139
118,119
118,120
118,121
118,122
118,123
118,124
118,125
118,126
118,127
118,128
118,129
118,130
118,131
118,132
118,133
118,134
118,135
118,136
118,137
118,138
118,139
118,244
119,120
119,121
119,122
119,123
119,124
119,125
119,126
119,127
119,128
119,129
119,130
119,131
119,132
119,133
119,134
119,135
119,136
119,137
119,138
119,139
120,121
120,122
120,123
120,124
120,125
120,126
120,127
120,128
120,129
120,130
120,131
120,132
120,133
120,134
120,135
120,136
120,137
120,138
120,139
121,122
121,123
121,124
121,125
121,126
121,127
121,128
121,129
121,130
121,131
121,132
121,133
121,134
121,135
121,136
121,137
121,138
121,139
121,179
122,123
122,124
122,125
122,126
122,127
122,128
122,129
122,130
122,131
122,132
122,133
122,134
122,135
122,136
122,137
122,138
122,139
123,124
123,125
123,126
123,127
123,128
123,129
123,130
123,131
123,132
123,133
123,134
123,135
123,136
123,137
123,138
123,139
124,125
124,126
124,127
124,128
124,129
124,130
124,131
124,132
124,133
124,134
124,135
124,136
124,137
124,138
124,139
125,126
125,127
125,128
125,129
125,130
125,131
125,132
125,133
125,134
125,135
125,136
125,137
125,138
125,139
125,249
125,270
126,127
126,128
126,129
126,130
126,131
126,132
126,133
126,134
126,135
126,136
126,137
126,138
126,139
127,128
127,129
127,130
127,131
127,132
127,133
127,134
127,135
127,136
127,137
127,138
127,139
128,129
128,130
128,131
128,132
128,133
128,134
128,135
128,136
128,137
128,138
128,139
129,130
129,131
129,132
129,133
129,134
129,135
129,136
129,137
129,138
129,139
130,131
130,132
130,133
130,134
130,135
130,136
130,137
130,138
130,139
130,159
131,132
131,133
131,134
131,135
131,136
131,137
131,138
131,139
132,133
132,134
132,135
132,136
132,137
132,138
132,139
133,134
133,135
133,136
133,137
133,138
133,139
134,135
134,136
134,137
134,138
134,139
134,212
134,263
135,136
135,137
135,138
135,139
136,137
136,138
136,139
136,224
137,138
137,139
137,164
138,139
140,141
140,142
140,143
140,144
140,145
140,146
140,147
140,148
140,149
140,150
140,151
140,152
140,153
140,154
140,155
140,156
140,157
140,158
140,159
140,160
140,161
140,162
140,163
140,164
140,165
140,166
140,167
140,168
140,169
140,170
140,171
140,172
140,173
140,174
140,227
140,234
141,142
141,143
141,144
141,145
141,146
141,147
141,148
141,149
141,150
141,151
141,152
141,153
141,154
141,155
141,156
141,157
141,158
141,159
141,160
141,161
141,162
141,163
141,164
141,165
141,166
141,167
141,168
141,169
141,170
141,171
141,172
141,173
141,174
142,143
142,144
142,145
142,146
142,147
142,148
142,149
142,150
142,151
142,152
142,153
142,154
142,155
142,156
142,157
142,158
142,159
142,160
142,161
142,162
142,163
142,164
142,165
142,166
142,167
142,168
142,169
142,170
142,171
142,172
142,173
142,174
142,265
143,144
143,145
143,146
143,147
143,148
143,149
143,150
143,151
143,152
143,153
143,154
143,155
143,156
143,157
143,158
143,159
143,160
143,161
143,162
143,163
143,164
143,165
143,166
143,167
143,168
143,169
143,170
143,171
143,172
143,173
143,174
144,145
144,146
144,147
144,148
144,149
144,150
144,151
144,152
144,153
144,154
144,155
144,156
144,157
144,158
144,159
144,160
144,161
144,162
144,163
144,164
144,165
144,166
144,167
144,168
144,169
144,170
144,171
144,172
144,173
144,174
145,146
145,147
145,148
145,149
145,150
145,151
145,152
145,153
145,154
145,155
145,156
145,157
145,158
145,159
145,160
145,161
145,162
145,163
145,164
145,165
145,166
145,167
145,168
145,169
145,170
145,171
145,172
145,173
145,174
146,147
146,148
146,149
146,150
146,151
146,152
146,153
146,154
146,155
146,156
146,157
146,158
146,159
146,160
146,161
146,162
146,163
146,164
146,165
146,166
146,167
146,168
146,169
146,170
146,171
146,172
146,173
146,174
147,148
147,149
147,150
147,151
147,152
147,153
147,154
147,155
147,156
147,157
147,158
147,159
147,160
147,161
147,162
147,163
147,164
147,165
147,166
147,167
147,168
147,169
147,170
147,171
147,172
147,173
147,174
147,206
148,149
148,150
148,151
148,152
148,153
148,154
148,155
148,156
148,157
148,158
148,159
148,160
148,161
148,162
148,163
148,164
148,165
148,166
148,167
148,168
148,169
148,170
148,171
148,172
148,173
148,174
148,208
149,150
149,151
149,152
149,153
149,154
149,155
149,156
149,157
149,158
149,159
149,160
149,161
149,162
149,163
149,164
149,165
149,166
149,167
149,168
149,169
149,170
149,171
149,172
149,173
149,174
150,151
150,152
150,153
150,154
150,155
150,156
150,157
150,158
150,159
150,160
150,161
150,162
150,163
150,164
150,165
150,166
150,167
150,168
150,169
150,170
150,171
150,172
150,173
150,174
150,225
151,152
151,153
151,154
151,155
151,156
151,157
151,158
151,159
151,160
151,161
151,162
151,163
151,164
151,165
151,166
151,167
151,168
151,169
151,170
151,171
151,172
151,173
151,174
152,153
152,154
152,155
152,156
152,157
152,158
152,159
152,160
152,161
152,162
152,163
152,164
152,165
152,166
152,167
152,168
152,169
152,170
152,171
152,172
152,173
152,174
153,154
153,155
153,156
153,157
153,158
153,159
153,160
153,161
153,162
153,163
153,164
153,165
153,166
153,167
153,168
153,169
153,170
153,171
153,172
153,173
153,174
153,272
154,155
154,156
154,157
154,158
154,159
154,160
154,161
154,162
154,163
154,164
154,165
154,166
154,167
154,168
154,169
154,170
154,171
154,172
154,173
154,174
155,156
155,157
155,158
155,159
155,160
155,161
155,162
155,163
155,164
155,165
155,166
155,167
155,168
155,169
155,170
155,171
155,172
155,173
155,174
155,202
156,157
156,158
156,159
156,160
156,161
156,162
156,163
156,164
156,165
156,166
156,167
156,168
156,169
156,170
156,171
156,172
156,173
156,174
157,158
157,159
157,160
157,161
157,162
157,163
157,164
157,165
157,166
157,167
157,168
157,169
157,170
157,171
157,172
157,173
157,174
158,159
158,160
158,161
158,162
158,163
158,164
158,165
158,166
158,167
158,168
158,169
158,170
158,171
158,172
158,173
158,174
159,160
159,161
159,162
159,163
159,164
159,165
159,166
159,167
159,168
159,169
159,170
159,171
159,172
159,173
159,174
159,234
160,161
160,162
160,163
160,164
160,165
160,166
160,167
160,168
160,169
160,170
160,171
160,172
160,173
160,174
160,203
161,162
161,163
161,164
161,165
161,166
161,167
161,168
161,169
161,170
161,171
161,172
161,173
161,174
162,163
162,164
162,165
162,166
162,167
162,168
162,169
162,170
162,171
162,172
162,173
162,174
162,238
163,164
163,165
163,166
163,167
163,168
163,169
163,170
163,171
163,172
163,173
163,174
164,165
164,166
164,167
164,168
164,169
164,170
164,171
164,172
164,173
164,174
164,265
165,166
165,167
165,168
165,169
165,170
165,171
165,172
165,173
165,174
166,167
166,168
166,169
166,170
166,171
166,172
166,173
166,174
167,168
167,169
167,170
167,171
167,172
167,173
167,174
167,207
167,257
168,169
168,170
168,171
168,172
168,173
168,174
169,170
169,171
169,172
169,173
169,174
170,171
170,172
170,173
170,174
171,172
171,173
171,174
171,255
172,173
172,174
173,174
175,176
175,177
175,178
175,179
175,180
175,181
175,182
175,183
175,184
175,185
175,186
175,187
175,188
175,189
175,190
175,191
175,192
175,193
175,194
175,195
175,196
175,197
175,198
175,199
175,200
175,201
175,202
175,203
175,204
175,205
175,206
175,207
175,208
175,209
176,177
176,178
176,179
176,180
176,181
176,182
176,183
176,184
176,185
176,186
176,187
176,188
176,189
176,190
176,191
176,192
176,193
176,194
176,195
176,196
176,197
176,198
176,199
176,200
176,201
176,202
176,203
176,204
176,205
176,206
176,207
176,208
176,209
177,178
177,179
177,180
177,181
177,182
177,183
177,184
177,185
177,186
177,187
177,188
177,189
177,190
177,191
177,192
177,193
177,194
177,195
177,196
177,197
177,198
177,199
177,200
177,201
177,202
177,203
177,204
177,205
177,206
177,207
177,208
177,209
178,179
178,180
178,181
178,182
178,183
178,184
178,185
178,186
178,187
178,188
178,189
178,190
178,191
178,192
178,193
178,194
178,195
178,196
178,197
178,198
178,199
178,200
178,201
178,202
178,203
178,204
178,205
178,206
178,207
178,208
178,209
178,244
178,251
179,180
179,181
179,182
179,183
179,184
179,185
179,186
179,187
179,188
179,189
179,190
179,191
179,192
179,193
179,194
179,195
179,196
179,197
179,198
179,199
179,200
179,201
179,202
179,203
179,204
179,205
179,206
179,207
179,208
179,209
180,181
180,182
180,183
180,184
180,185
180,186
180,187
180,188
180,189
180,190
180,191
180,192
180,193
180,194
180,195
180,196
180,197
180,198
180,199
180,200
180,201
180,202
180,203
180,204
180,205
180,206
180,207
180,208
180,209
180,245
181,182
181,183
181,184
181,185
181,186
181,187
181,188
181,189
181,190
181,191
181,192
181,193
181,194
181,195
181,196
181,197
181,198
181,199
181,200
181,201
181,202
181,203
181,204
181,205
181,206
181,207
181,208
181,209
181,216
182,183
182,184
182,185
182,186
182,187
182,188
182,189
182,190
182,191
182,192
182,193
182,194
182,195
182,196
182,197
182,198
182,199
182,200
182,201
182,202
182,203
182,204
182,205
182,206
182,207
182,208
182,209
183,184
183,185
183,186
183,187
183,188
183,189
183,190
183,191
183,192
183,193
183,194
183,195
183,196
183,197
183,198
183,199
183,200
183,201
183,202
183,203
183,204
183,205
183,206
183,207
183,208
183,209
184,185
184,186
184,187
184,188
184,189
184,190
184,191
184,192
184,193
184,194
184,195
184,196
184,197
184,198
184,199
184,200
184,201
184,202
184,203
184,204
184,205
184,206
184,207
184,208
184,209
185,186
185,187
185,188
185,189
185,190
185,191
185,192
185,193
185,194
185,195
185,196
185,197
185,198
185,199
185,200
185,201
185,202
185,203
185,204
185,205
185,206
185,207
185,208
185,209
185,225
186,187
186,188
186,189
186,190
186,191
186,192
186,193
186,194
186,195
186,196
186,197
186,198
186,199
186,200
186,201
186,202
186,203
186,204
186,205
186,206
186,207
186,208
186,209
187,188
187,189
187,190
187,191
187,192
187,193
187,194
187,195
187,196
187,197
187,198
187,199
187,200
187,201
187,202
187,203
187,204
187,205
187,206
187,207
187,208
187,209
187,251
188,189
188,190
188,191
188,192
188,193
188,194
188,195
188,196
188,197
188,198
188,199
188,200
188,201
188,202
188,203
188,204
188,205
188,206
188,207
188,208
188,209
189,190
189,191
189,192
189,193
189,194
189,195
189,196
189,197
189,198
189,199
189,200
189,201
189,202
189,203
189,204
189,205
189,206
189,207
189,208
189,209
190,191
190,192
190,193
190,194
190,195
190,196
190,197
190,198
190,199
190,200
190,201
190,202
190,203
190,204
190,205
190,206
190,207
190,208
190,209
191,192
191,193
191,194
191,195
191,196
191,197
191,198
191,199
191,200
191,201
191,202
191,203
191,204
191,205
191,206
191,207
191,208
191,209
192,193
192,194
192,195
192,196
192,197
192,198
192,199
192,200
192,201
192,202
192,203
192,204
192,205
192,206
192,207
192,208
192,209
193,194
193,195
193,196
193,197
193,198
193,199
193,200
193,201
193,202
193,203
193,204
193,205
193,206
193,207
193,208
193,209
194,195
194,196
194,197
194,198
194,199
194,200
194,201
194,202
194,203
194,204
194,205
194,206
194,207
194,208
194,209
195,196
195,197
195,198
195,199
195,200
195,201
195,202
195,203
195,204
195,205
195,206
195,207
195,208
195,209
196,197
196,198
196,199
196,200
196,201
196,202
196,203
196,204
196,205
196,206
196,207
196,208
196,209
196,222
197,198
197,199
197,200
197,201
197,202
197,203
197,204
197,205
197,206
197,207
197,208
197,209
198,199
198,200
198,201
198,202
198,203
198,204
198,205
198,206
198,207
198,208
198,209
199,200
199,201
199,202
199,203
199,204
199,205
199,206
199,207
199,208
199,209
200,201
200,202
200,203
200,204
200,205
200,206
200,207
200,208
200,209
201,202
201,203
201,204
201,205
201,206
201,207
201,208
201,209
202,203
202,204
202,205
202,206
202,207
202,208
202,209
202,272
203,204
203,205
203,206
203,207
203,208
203,209
204,205
204,206
204,207
204,208
204,209
205,206
205,207
205,208
205,209
206,207
206,208
206,209
206,231
207,208
207,209
208,209
208,259
210,211
210,212
210,213
210,214
210,215
210,216
210,217
210,218
210,219
210,220
210,221
210,222
210,223
210,224
210,225
210,226
210,227
210,228
210,229
210,230
210,231
210,232
210,233
210,234
210,235
210,236
210,237
210,238
210,239
210,240
210,241
210,242
210,243
210,244
211,212
211,213
211,214
211,215
211,216
211,217
211,218
211,219
211,220
211,221
211,222
211,223
211,224
211,225
211,226
211,227
211,228
211,229
211,230
211,231
211,232
211,233
211,234
211,235
211,236
211,237
211,238
211,239
211,240
211,241
211,242
211,243
211,244
212,213
212,214
212,215
212,216
212,217
212,218
212,219
212,220
212,221
212,222
212,223
212,224
212,225
212,226
212,227
212,228
212,229
212,230
212,231
212,232
212,233
212,234
212,235
212,236
212,237
212,238
212,239
212,240
212,241
212,242
212,243
212,244
213,214
213,215
213,216
213,217
213,218
213,219
213,220
213,221
213,222
213,223
213,224
213,225
213,226
213,227
213,228
213,229
213,230
213,231
213,232
213,233
213,234
213,235
213,236
213,237
213,238
213,239
213,240
213,241
213,242
213,243
213,244
214,215
214,216
214,217
214,218
214,219
214,220
214,221
214,222
214,223
214,224
214,225
214,226
214,227
214,228
214,229
214,230
214,231
214,232
214,233
214,234
214,235
214,236
214,237
214,238
214,239
214,240
214,241
214,242
214,243
214,244
215,216
215,217
215,218
215,219
215,220
215,221
215,222
215,223
215,224
215,225
215,226
215,227
215,228
215,229
215,230
215,231
215,232
215,233
215,234
215,235
215,236
215,237
215,238
215,239
215,240
215,241
215,242
215,243
215,244
216,217
216,218
216,219
216,220
216,221
216,222
216,223
216,224
216,225
216,226
216,227
216,228
216,229
216,230
216,231
216,232
216,233
216,234
216,235
216,236
216,237
216,238
216,239
216,240
216,241
216,242
216,243
216,244
217,218
217,219
217,220
217,221
217,222
217,223
217,224
217,225
217,226
217,227
217,228
217,229
217,230
217,231
217,232
217,233
217,234
217,235
217,236
217,237
217,238
217,239
217,240
217,241
217,242
217,243
217,244
218,219
218,220
218,221
218,222
218,223
218,224
218,225
218,226
218,227
218,228
218,229
218,230
218,231
218,232
218,233
218,234
218,235
218,236
218,237
218,238
218,239
218,240
218,241
218,242
218,243
218,244
219,220
219,221
219,222
219,223
219,224
219,225
219,226
219,227
219,228
219,229
219,230
219,231
219,232
219,233
219,234
219,235
219,236
219,237
219,238
219,239
219,240
219,241
219,242
219,243
219,244
219,276
220,221
220,222
220,223
220,224
220,225
220,226
220,227
220,228
220,229
220,230
220,231
220,232
220,233
220,234
220,235
220,236
220,237
220,238
220,239
220,240
220,241
220,242
220,243
220,244
221,222
221,223
221,224
221,225
221,226
221,227
221,228
221,229
221,230
221,231
221,232
221,233
221,234
221,235
221,236
221,237
221,238
221,239
221,240
221,241
221,242
221,243
221,244
221,270
222,223
222,224
222,225
222,226
222,227
222,228
222,229
222,230
222,231
222,232
222,233
222,234
222,235
222,236
222,237
222,238
222,239
222,240
222,241
222,242
222,243
222,244
223,224
223,225
223,226
223,227
223,228
223,229
223,230
223,231
223,232
223,233
223,234
223,235
223,236
223,237
223,238
223,239
223,240
223,241
223,242
223,243
223,244
224,225
224,226
224,227
224,228
224,229
224,230
224,231
224,232
224,233
224,234
224,235
224,236
224,237
224,238
224,239
224,240
224,241
224,242
224,243
224,244
225,226
225,227
225,228
225,229
225,230
225,231
225,232
225,233
225,234
225,235
225,236
225,237
225,238
225,239
225,240
225,241
225,242
225,243
225,244
226,227
226,228
226,229
226,230
226,231
226,232
226,233
226,234
226,235
226,236
226,237
226,238
226,239
226,240
226,241
226,242
226,243
226,244
227,228
227,229
227,230
227,231
227,232
227,233
227,234
227,235
227,236
227,237
227,238
227,239
227,240
227,241
227,242
227,243
227,244
228,229
228,230
228,231
228,232
228,233
228,234
228,235
228,236
228,237
228,238
228,239
228,240
228,241
228,242
228,243
228,244
229,230
229,231
229,232
229,233
229,234
229,235
229,236
229,237
229,238
229,239
229,240
229,241
229,242
229,243
229,244
230,231
230,232
230,233
230,234
230,235
230,236
230,237
230,238
230,239
230,240
230,241
230,242
230,243
230,244
230,278
231,232
231,233
231,234
231,235
231,236
231,237
231,238
231,239
231,240
231,241
231,242
231,243
231,244
232,233
232,234
232,235
232,236
232,237
232,238
232,239
232,240
232,241
232,242
232,243
232,244
233,234
233,235
233,236
233,237
233,238
233,239
233,240
233,241
233,242
233,243
233,244
234,235
234,236
234,237
234,238
234,239
234,240
234,241
234,242
234,243
234,244
235,236
235,237
235,238
235,239
235,240
235,241
235,242
235,243
235,244
236,237
236,238
236,239
236,240
236,241
236,242
236,243
236,244
237,238
237,239
237,240
237,241
237,242
237,243
237,244
238,239
238,240
238,241
238,242
238,243
238,244
239,240
239,241
239,242
239,243
239,244
239,270
240,241
240,242
240,243
240,244
241,242
241,243
241,244
242,243
242,244
243,244
243,245
245,246
245,247
245,248
245,249
245,250
245,251
245,252
245,253
245,254
245,255
245,256
245,257
245,258
245,259
245,260
245,261
245,262
245,263
245,264
245,265
245,266
245,267
245,268
245,269
245,270
245,271
245,272
245,273
245,274
245,275
245,276
245,277
245,278
245,279
246,247
246,248
246,249
246,250
246,251
246,252
246,253
246,254
246,255
246,256
246,257
246,258
246,259
246,260
246,261
246,262
246,263
246,264
246,265
246,266
246,267
246,268
246,269
246,270
246,271
246,272
246,273
246,274
246,275
246,276
246,277
246,278
246,279
247,248
247,249
247,250
247,251
247,252
247,253
247,254
247,255
247,256
247,257
247,258
247,259
247,260
247,261
247,262
247,263
247,264
247,265
247,266
247,267
247,268
247,269
247,270
247,271
247,272
247,273
247,274
247,275
247,276
247,277
247,278
247,279
248,249
248,250
248,251
248,252
248,253
248,254
248,255
248,256
248,257
248,258
248,259
248,260
248,261
248,262
248,263
248,264
248,265
248,266
248,267
248,268
248,269
248,270
248,271
248,272
248,273
248,274
248,275
248,276
248,277
248,278
248,279
249,250
249,251
249,252
249,253
249,254
249,255
249,256
249,257
249,258
249,259
249,260
249,261
249,262
249,263
249,264
249,265
249,266
249,267
249,268
249,269
249,270
249,271
249,272
249,273
249,274
249,275
249,276
249,277
249,278
249,279
250,251
250,252
250,253
250,254
250,255
250,256
250,257
250,258
250,259
250,260
250,261
250,262
250,263
250,264
250,265
250,266
250,267
250,268
250,269
250,270
250,271
250,272
250,273
250,274
250,275
250,276
250,277
250,278
250,279
251,252
251,253
251,254
251,255
251,256
251,257
251,258
251,259
251,260
251,261
251,262
251,263
251,264
251,265
251,266
251,267
251,268
251,269
251,270
251,271
251,272
251,273
251,274
251,275
251,276
251,277
251,278
251,279
252,253
252,254
252,255
252,256
252,257
252,258
252,259
252,260
252,261
252,262
252,263
252,264
252,265
252,266
252,267
252,268
252,269
252,270
252,271
252,272
252,273
252,274
252,275
252,276
252,277
252,278
252,279
253,254
253,255
253,256
253,257
253,258
253,259
253,260
253,261
253,262
253,263
253,264
253,265
253,266
253,267
253,268
253,269
253,270
253,271
253,272
253,273
253,274
253,275
253,276
253,277
253,278
253,279
254,255
254,256
254,257
254,258
254,259
254,260
254,261
254,262
254,263
254,264
254,265
254,266
254,267
254,268
254,269
254,270
254,271
254,272
254,273
254,274
254,275
254,276
254,277
254,278
254,279
255,256
255,257
255,258
255,259
255,260
255,261
255,262
255,263
255,264
255,265
255,266
255,267
255,268
255,269
255,270
255,271
255,272
255,273
255,274
255,275
255,276
255,277
255,278
255,279
256,257
256,258
256,259
256,260
256,261
256,262
256,263
256,264
256,265
256,266
256,267
256,268
256,269
256,270
256,271
256,272
256,273
256,274
256,275
256,276
256,277
256,278
256,279
257,258
257,259
257,260
257,261
257,262
257,263
257,264
257,265
257,266
257,267
257,268
257,269
257,270
257,271
257,272
257,273
257,274
257,275
257,276
257,277
257,278
257,279
258,259
258,260
258,261
258,262
258,263
258,264
258,265
258,266
258,267
258,268
258,269
258,270
258,271
258,272
258,273
258,274
258,275
258,276
258,277
258,278
258,279
259,260
259,261
259,262
259,263
259,264
259,265
259,266
259,267
259,268
259,269
259,270
259,271
259,272
259,273
259,274
259,275
259,276
259,277
259,278
259,279
260,261
260,262
260,263
260,264
260,265
260,266
260,267
260,268
260,269
260,270
260,271
260,272
260,273
260,274
260,275
260,276
260,277
260,278
260,279
261,262
261,263
261,264
261,265
261,266
261,267
261,268
261,269
261,270
261,271
261,272
261,273
261,274
261,275
261,276
261,277
261,278
261,279
262,263
262,264
262,265
262,266
262,267
262,268
262,269
262,270
262,271
262,272
262,273
262,274
262,275
262,276
262,277
262,278
262,279
263,264
263,265
263,266
263,267
263,268
263,269
263,270
263,271
263,272
263,273
263,274
263,275
263,276
263,277
263,278
263,279
264,265
264,266
264,267
264,268
264,269
264,270
264,271
264,272
264,273
264,274
264,275
264,276
264,277
264,278
264,279
265,266
265,267
265,268
265,269
265,270
265,271
265,272
265,273
265,274
265,275
265,276
265,277
265,278
265,279
266,267
266,268
266,269
266,270
266,271
266,272
266,273
266,274
266,275
266,276
266,277
266,278
266,279
267,268
267,269
267,270
267,271
267,272
267,273
267,274
267,275
267,276
267,277
267,278
267,279
268,269
268,270
268,271
268,272
268,273
268,274
268,275
268,276
268,277
268,278
268,279
269,270
269,271
269,272
269,273
269,274
269,275
269,276
269,277
269,278
269,279
270,271
270,272
270,273
270,274
270,275
270,276
270,277
270,278
270,279
271,272
271,273
271,274
271,275
271,276
271,277
271,278
271,279
272,273
272,274
272,275
272,276
272,277
272,278
272,279
273,274
273,275
273,276
273,277
273,278
273,279
274,275
274,276
274,277
274,278
274,279
275,276
275,277
275,278
275,279
276,277
276,278
276,279
277,278
277,279
278,279
