# grafo generado automáticamente para TP3
0,1
0,2
0,3
0,4
0,5
0,6
0,7
0,8
0,9
0,10
0,11
0,12
0,13
0,14
0,15
0,16
0,17
0,18
0,19
0,20
0,21
0,22
0,23
0,24
0,25
0,26
0,27
0,28
0,29
0,30
0,31
0,32
0,33
0,34
0,35
0,36
0,37
0,38
0,39
0,40
0,41
0,42
0,43
0,44
0,45
0,46
0,47
0,48
0,49
0,50
0,51
0,52
0,53
0,54
0,55
0,56
0,57
0,58
0,59
1,2
1,3
1,4
1,5
1,6
1,7
1,8
1,9
1,10
1,11
1,12
1,13
1,14
1,15
1,16
1,17
1,18
1,19
1,20
1,21
1,22
1,23
1,24
1,25
1,26
1,27
1,28
1,29
1,30
1,31
1,32
1,33
1,34
1,35
1,36
1,37
1,38
1,39
1,40
1,41
1,42
1,43
1,44
1,45
1,46
1,47
1,48
1,49
1,50
1,51
1,52
1,53
1,54
1,55
1,56
1,57
1,58
1,59
2,3
2,4
2,5
2,6
2,7
2,8
2,9
2,10
2,11
2,12
2,13
2,14
2,15
2,16
2,17
2,18
2,19
2,20
2,21
2,22
2,23
2,24
2,25
2,26
2,27
2,28
2,29
2,30
2,31
2,32
2,33
2,34
2,35
2,36
2,37
2,38
2,39
2,40
2,41
2,42
2,43
2,44
2,45
2,46
2,47
2,48
2,49
2,50
2,51
2,52
2,53
2,54
2,55
2,56
2,57
2,58
2,59
3,4
3,5
3,6
3,7
3,8
3,9
3,10
3,11
3,12
3,13
3,14
3,15
3,16
3,17
3,18
3,19
3,20
3,21
3,22
3,23
3,24
3,25
3,26
3,27
3,28
3,29
3,30
3,31
3,32
3,33
3,34
3,35
3,36
3,37
3,38
3,39
3,40
3,41
3,42
3,43
3,44
3,45
3,46
3,47
3,48
3,49
3,50
3,51
3,52
3,53
3,54
3,55
3,56
3,57
3,58
3,59
4,5
4,6
4,7
4,8
4,9
4,10
4,11
4,12
4,13
4,14
4,15
4,16
4,17
4,18
4,19
4,20
4,21
4,22
4,23
4,24
4,25
4,26
4,27
4,28
4,29
4,30
4,31
4,32
4,33
4,34
4,35
4,36
4,37
4,38
4,39
4,40
4,41
4,42
4,43
4,44
4,45
4,46
4,47
4,48
4,49
4,50
4,51
4,52
4,53
4,54
4,55
4,56
4,57
4,58
4,59
5,6
5,7
5,8
5,9
5,10
5,11
5,12
5,13
5,14
5,15
5,16
5,17
5,18
5,19
5,20
5,21
5,22
5,23
5,24
5,25
5,26
5,27
5,28
5,29
5,30
5,31
5,32
5,33
5,34
5,35
5,36
5,37
5,38
5,39
5,40
5,41
5,42
5,43
5,44
5,45
5,46
5,47
5,48
5,49
5,50
5,51
5,52
5,53
5,54
5,55
5,56
5,57
5,58
5,59
6,7
6,8
6,9
6,10
6,11
6,12
6,13
6,14
6,15
6,16
6,17
6,18
6,19
6,20
6,21
6,22
6,23
6,24
6,25
6,26
6,27
6,28
6,29
6,30
6,31
6,32
6,33
6,34
6,35
6,36
6,37
6,38
6,39
6,40
6,41
6,42
6,43
6,44
6,45
6,46
6,47
6,48
6,49
6,50
6,51
6,52
6,53
6,54
6,55
6,56
6,57
6,58
6,59
7,8
7,9
7,10
7,11
7,12
7,13
7,14
7,15
7,16
7,17
7,18
7,19
7,20
7,21
7,22
7,23
7,24
7,25
7,26
7,27
7,28
7,29
7,30
7,31
7,32
7,33
7,34
7,35
7,36
7,37
7,38
7,39
7,40
7,41
7,42
7,43
7,44
7,45
7,46
7,47
7,48
7,49
7,50
7,51
7,52
7,53
7,54
7,55
7,56
7,57
7,58
7,59
8,9
8,10
8,11
8,12
8,13
8,14
8,15
8,16
8,17
8,18
8,19
8,20
8,21
8,22
8,23
8,24
8,25
8,26
8,27
8,28
8,29
8,30
8,31
8,32
8,33
8,34
8,35
8,36
8,37
8,38
8,39
8,40
8,41
8,42
8,43
8,44
8,45
8,46
8,47
8,48
8,49
8,50
8,51
8,52
8,53
8,54
8,55
8,56
8,57
8,58
8,59
9,10
9,11
9,12
9,13
9,14
9,15
9,16
9,17
9,18
9,19
9,20
9,21
9,22
9,23
9,24
9,25
9,26
9,27
9,28
9,29
9,30
9,31
9,32
9,33
9,34
9,35
9,36
9,37
9,38
9,39
9,40
9,41
9,42
9,43
9,44
9,45
9,46
9,47
9,48
9,49
9,50
9,51
9,52
9,53
9,54
9,55
9,56
9,57
9,58
9,59
10,11
10,12
10,13
10,14
10,15
10,16
10,17
10,18
10,19
10,20
10,21
10,22
10,23
10,24
10,25
10,26
10,27
10,28
10,29
10,30
10,31
10,32
10,33
10,34
10,35
10,36
10,37
10,38
10,39
10,40
10,41
10,42
10,43
10,44
10,45
10,46
10,47
10,48
10,49
10,50
10,51
10,52
10,53
10,54
10,55
10,56
10,57
10,58
10,59
10,104
11,12
11,13
11,14
11,15
11,16
11,17
11,18
11,19
11,20
11,21
11,22
11,23
11,24
11,25
11,26
11,27
11,28
11,29
11,30
11,31
11,32
11,33
11,34
11,35
11,36
11,37
11,38
11,39
11,40
11,41
11,42
11,43
11,44
11,45
11,46
11,47
11,48
11,49
11,50
11,51
11,52
11,53
11,54
11,55
11,56
11,57
11,58
11,59
11,110
12,13
12,14
12,15
12,16
12,17
12,18
12,19
12,20
12,21
12,22
12,23
12,24
12,25
12,26
12,27
12,28
12,29
12,30
12,31
12,32
12,33
12,34
12,35
12,36
12,37
12,38
12,39
12,40
12,41
12,42
12,43
12,44
12,45
12,46
12,47
12,48
12,49
12,50
12,51
12,52
12,53
12,54
12,55
12,56
12,57
12,58
12,59
12,220
13,14
13,15
13,16
13,17
13,18
13,19
13,20
13,21
13,22
13,23
13,24
13,25
13,26
13,27
13,28
13,29
13,30
13,31
13,32
13,33
13,34
13,35
13,36
13,37
13,38
13,39
13,40
13,41
13,42
13,43
13,44
13,45
13,46
13,47
13,48
13,49
13,50
13,51
13,52
13,53
13,54
13,55
13,56
13,57
13,58
13,59
14,15
14,16
14,17
14,18
14,19
14,20
14,21
14,22
14,23
14,24
14,25
14,26
14,27
14,28
14,29
14,30
14,31
14,32
14,33
14,34
14,35
14,36
14,37
14,38
14,39
14,40
14,41
14,42
14,43
14,44
14,45
14,46
14,47
14,48
14,49
14,50
14,51
14,52
14,53
14,54
14,55
14,56
14,57
14,58
14,59
15,16
15,17
15,18
15,19
15,20
15,21
15,22
15,23
15,24
15,25
15,26
15,27
15,28
15,29
15,30
15,31
15,32
15,33
15,34
15,35
15,36
15,37
15,38
15,39
15,40
15,41
15,42
15,43
15,44
15,45
15,46
15,47
15,48
15,49
15,50
15,51
15,52
15,53
15,54
15,55
15,56
15,57
15,58
15,59
16,17
16,18
16,19
16,20
16,21
16,22
16,23
16,24
16,25
16,26
16,27
16,28
16,29
16,30
16,31
16,32
16,33
16,34
16,35
16,36
16,37
16,38
16,39
16,40
16,41
16,42
16,43
16,44
16,45
16,46
16,47
16,48
16,49
16,50
16,51
16,52
16,53
16,54
16,55
16,56
16,57
16,58
16,59
16,90
17,18
17,19
17,20
17,21
17,22
17,23
17,24
17,25
17,26
17,27
17,28
17,29
17,30
17,31
17,32
17,33
17,34
17,35
17,36
17,37
17,38
17,39
17,40
17,41
17,42
17,43
17,44
17,45
17,46
17,47
17,48
17,49
17,50
17,51
17,52
17,53
17,54
17,55
17,56
17,57
17,58
17,59
18,19
18,20
18,21
18,22
18,23
18,24
18,25
18,26
18,27
18,28
18,29
18,30
18,31
18,32
18,33
18,34
18,35
18,36
18,37
18,38
18,39
18,40
18,41
18,42
18,43
18,44
18,45
18,46
18,47
18,48
18,49
18,50
18,51
18,52
18,53
18,54
18,55
18,56
18,57
18,58
18,59
19,20
19,21
19,22
19,23
19,24
19,25
19,26
19,27
19,28
19,29
19,30
19,31
19,32
19,33
19,34
19,35
19,36
19,37
19,38
19,39
19,40
19,41
19,42
19,43
19,44
19,45
19,46
19,47
19,48
19,49
19,50
19,51
19,52
19,53
19,54
19,55
19,56
19,57
19,58
19,59
19,119
19,171
20,21
20,22
20,23
20,24
20,25
20,26
20,27
20,28
20,29
20,30
20,31
20,32
20,33
20,34
20,35
20,36
20,37
20,38
20,39
20,40
20,41
20,42
20,43
20,44
20,45
20,46
20,47
20,48
20,49
20,50
20,51
20,52
20,53
20,54
20,55
20,56
20,57
20,58
20,59
20,290
21,22
21,23
21,24
21,25
21,26
21,27
21,28
21,29
21,30
21,31
21,32
21,33
21,34
21,35
21,36
21,37
21,38
21,39
21,40
21,41
21,42
21,43
21,44
21,45
21,46
21,47
21,48
21,49
21,50
21,51
21,52
21,53
21,54
21,55
21,56
21,57
21,58
21,59
21,122
22,23
22,24
22,25
22,26
22,27
22,28
22,29
22,30
22,31
22,32
22,33
22,34
22,35
22,36
22,37
22,38
22,39
22,40
22,41
22,42
22,43
22,44
22,45
22,46
22,47
22,48
22,49
22,50
22,51
22,52
22,53
22,54
22,55
22,56
22,57
22,58
22,59
23,24
23,25
23,26
23,27
23,28
23,29
23,30
23,31
23,32
23,33
23,34
23,35
23,36
23,37
23,38
23,39
23,40
23,41
23,42
23,43
23,44
23,45
23,46
23,47
23,48
23,49
23,50
23,51
23,52
23,53
23,54
23,55
23,56
23,57
23,58
23,59
24,25
24,26
24,27
24,28
24,29
24,30
24,31
24,32
24,33
24,34
24,35
24,36
24,37
24,38
24,39
24,40
24,41
24,42
24,43
24,44
24,45
24,46
24,47
24,48
24,49
24,50
24,51
24,52
24,53
24,54
24,55
24,56
24,57
24,58
24,59
25,26
25,27
25,28
25,29
25,30
25,31
25,32
25,33
25,34
25,35
25,36
25,37
25,38
25,39
25,40
25,41
25,42
25,43
25,44
25,45
25,46
25,47
25,48
25,49
25,50
25,51
25,52
25,53
25,54
25,55
25,56
25,57
25,58
25,59
26,27
26,28
26,29
26,30
26,31
26,32
26,33
26,34
26,35
26,36
26,37
26,38
26,39
26,40
26,41
26,42
26,43
26,44
26,45
26,46
26,47
26,48
26,49
26,50
26,51
26,52
26,53
26,54
26,55
26,56
26,57
26,58
26,59
26,299
27,28
27,29
27,30
27,31
27,32
27,33
27,34
27,35
27,36
27,37
27,38
27,39
27,40
27,41
27,42
27,43
27,44
27,45
27,46
27,47
27,48
27,49
27,50
27,51
27,52
27,53
27,54
27,55
27,56
27,57
27,58
27,59
28,29
28,30
28,31
28,32
28,33
28,34
28,35
28,36
28,37
28,38
28,39
28,40
28,41
28,42
28,43
28,44
28,45
28,46
28,47
28,48
28,49
28,50
28,51
28,52
28,53
28,54
28,55
28,56
28,57
28,58
28,59
29,30
29,31
29,32
29,33
29,34
29,35
29,36
29,37
29,38
29,39
29,40
29,41
29,42
29,43
29,44
29,45
29,46
29,47
29,48
29,49
29,50
29,51
29,52
29,53
29,54
29,55
29,56
29,57
29,58
29,59
29,95
30,31
30,32
30,33
30,34
30,35
30,36
30,37
30,38
30,39
30,40
30,41
30,42
30,43
30,44
30,45
30,46
30,47
30,48
30,49
30,50
30,51
30,52
30,53
30,54
30,55
30,56
30,57
30,58
30,59
31,32
31,33
31,34
31,35
31,36
31,37
31,38
31,39
31,40
31,41
31,42
31,43
31,44
31,45
31,46
31,47
31,48
31,49
31,50
31,51
31,52
31,53
31,54
31,55
31,56
31,57
31,58
31,59
32,33
32,34
32,35
32,36
32,37
32,38
32,39
32,40
32,41
32,42
32,43
32,44
32,45
32,46
32,47
32,48
32,49
32,50
32,51
32,52
32,53
32,54
32,55
32,56
32,57
32,58
32,59
32,159
32,229
33,34
33,35
33,36
33,37
33,38
33,39
33,40
33,41
33,42
33,43
33,44
33,45
33,46
33,47
33,48
33,49
33,50
33,51
33,52
33,53
33,54
33,55
33,56
33,57
33,58
33,59
33,168
34,35
34,36
34,37
34,38
34,39
34,40
34,41
34,42
34,43
34,44
34,45
34,46
34,47
34,48
34,49
34,50
34,51
34,52
34,53
34,54
34,55
34,56
34,57
34,58
34,59
35,36
35,37
35,38
35,39
35,40
35,41
35,42
35,43
35,44
35,45
35,46
35,47
35,48
35,49
35,50
35,51
35,52
35,53
35,54
35,55
35,56
35,57
35,58
35,59
36,37
36,38
36,39
36,40
36,41
36,42
36,43
36,44
36,45
36,46
36,47
36,48
36,49
36,50
36,51
36,52
36,53
36,54
36,55
36,56
36,57
36,58
36,59
37,38
37,39
37,40
37,41
37,42
37,43
37,44
37,45
37,46
37,47
37,48
37,49
37,50
37,51
37,52
37,53
37,54
37,55
37,56
37,57
37,58
37,59
38,39
38,40
38,41
38,42
38,43
38,44
38,45
38,46
38,47
38,48
38,49
38,50
38,51
38,52
38,53
38,54
38,55
38,56
38,57
38,58
38,59
39,40
39,41
39,42
39,43
39,44
39,45
39,46
39,47
39,48
39,49
39,50
39,51
39,52
39,53
39,54
39,55
39,56
39,57
39,58
39,59
39,72
39,224
40,41
40,42
40,43
40,44
40,45
40,46
40,47
40,48
40,49
40,50
40,51
40,52
40,53
40,54
40,55
40,56
40,57
40,58
40,59
40,298
41,42
41,43
41,44
41,45
41,46
41,47
41,48
41,49
41,50
41,51
41,52
41,53
41,54
41,55
41,56
41,57
41,58
41,59
42,43
42,44
42,45
42,46
42,47
42,48
42,49
42,50
42,51
42,52
42,53
42,54
42,55
42,56
42,57
42,58
42,59
43,44
43,45
43,46
43,47
43,48
43,49
43,50
43,51
43,52
43,53
43,54
43,55
43,56
43,57
43,58
43,59
44,45
44,46
44,47
44,48
44,49
44,50
44,51
44,52
44,53
44,54
44,55
44,56
44,57
44,58
44,59
44,283
45,46
45,47
45,48
45,49
45,50
45,51
45,52
45,53
45,54
45,55
45,56
45,57
45,58
45,59
46,47
46,48
46,49
46,50
46,51
46,52
46,53
46,54
46,55
46,56
46,57
46,58
46,59
46,139
47,48
47,49
47,50
47,51
47,52
47,53
47,54
47,55
47,56
47,57
47,58
47,59
47,285
48,49
48,50
48,51
48,52
48,53
48,54
48,55
48,56
48,57
48,58
48,59
49,50
49,51
49,52
49,53
49,54
49,55
49,56
49,57
49,58
49,59
49,174
49,207
50,51
50,52
50,53
50,54
50,55
50,56
50,57
50,58
50,59
50,202
51,52
51,53
51,54
51,55
51,56
51,57
51,58
51,59
52,53
52,54
52,55
52,56
52,57
52,58
52,59
52,212
52,263
53,54
53,55
53,56
53,57
53,58
53,59
53,121
53,241
54,55
54,56
54,57
54,58
54,59
54,94
55,56
55,57
55,58
55,59
56,57
56,58
56,59
57,58
57,59
58,59
59,196
60,61
60,62
60,63
60,64
60,65
60,66
60,67
60,68
60,69
60,70
60,71
60,72
60,73
60,74
60,75
60,76
60,77
60,78
60,79
60,80
60,81
60,82
60,83
60,84
60,85
60,86
60,87
60,88
60,89
60,90
60,91
60,92
60,93
60,94
60,95
60,96
60,97
60,98
60,99
60,100
60,101
60,102
60,103
60,104
60,105
60,106
60,107
60,108
60,109
60,110
60,111
60,112
60,113
60,114
60,115
60,116
60,117
60,118
60,119
61,62
61,63
61,64
61,65
61,66
61,67
61,68
61,69
61,70
61,71
61,72
61,73
61,74
61,75
61,76
61,77
61,78
61,79
61,80
61,81
61,82
61,83
61,84
61,85
61,86
61,87
61,88
61,89
61,90
61,91
61,92
61,93
61,94
61,95
61,96
61,97
61,98
61,99
61,100
61,101
61,102
61,103
61,104
61,105
61,106
61,107
61,108
61,109
61,110
61,111
61,112
61,113
61,114
61,115
61,116
61,117
61,118
61,119
62,63
62,64
62,65
62,66
62,67
62,68
62,69
62,70
62,71
62,72
62,73
62,74
62,75
62,76
62,77
62,78
62,79
62,80
62,81
62,82
62,83
62,84
62,85
62,86
62,87
62,88
62,89
62,90
62,91
62,92
62,93
62,94
62,95
62,96
62,97
62,98
62,99
62,100
62,101
62,102
62,103
62,104
62,105
62,106
62,107
62,108
62,109
62,110
62,111
62,112
62,113
62,114
62,115
62,116
62,117
62,118
62,119
63,64
63,65
63,66
63,67
63,68
63,69
63,70
63,71
63,72
63,73
63,74
63,75
63,76
63,77
63,78
63,79
63,80
63,81
63,82
63,83
63,84
63,85
63,86
63,87
63,88
63,89
63,90
63,91
63,92
63,93
63,94
63,95
63,96
63,97
63,98
63,99
63,100
63,101
63,102
63,103
63,104
63,105
63,106
63,107
63,108
63,109
63,110
63,111
63,112
63,113
63,114
63,115
63,116
63,117
63,118
63,119
64,65
64,66
64,67
64,68
64,69
64,70
64,71
64,72
64,73
64,74
64,75
64,76
64,77
64,78
64,79
64,80
64,81
64,82
64,83
64,84
64,85
64,86
64,87
64,88
64,89
64,90
64,91
64,92
64,93
64,94
64,95
64,96
64,97
64,98
64,99
64,100
64,101
64,102
64,103
64,104
64,105
64,106
64,107
64,108
64,109
64,110
64,111
64,112
64,113
64,114
64,115
64,116
64,117
64,118
64,119
65,66
65,67
65,68
65,69
65,70
65,71
65,72
65,73
65,74
65,75
65,76
65,77
65,78
65,79
65,80
65,81
65,82
65,83
65,84
65,85
65,86
65,87
65,88
65,89
65,90
65,91
65,92
65,93
65,94
65,95
65,96
65,97
65,98
65,99
65,100
65,101
65,102
65,103
65,104
65,105
65,106
65,107
65,108
65,109
65,110
65,111
65,112
65,113
65,114
65,115
65,116
65,117
65,118
65,119
65,230
66,67
66,68
66,69
66,70
66,71
66,72
66,73
66,74
66,75
66,76
66,77
66,78
66,79
66,80
66,81
66,82
66,83
66,84
66,85
66,86
66,87
66,88
66,89
66,90
66,91
66,92
66,93
66,94
66,95
66,96
66,97
66,98
66,99
66,100
66,101
66,102
66,103
66,104
66,105
66,106
66,107
66,108
66,109
66,110
66,111
66,112
66,113
66,114
66,115
66,116
66,117
66,118
66,119
67,68
67,69
67,70
67,71
67,72
67,73
67,74
67,75
67,76
67,77
67,78
67,79
67,80
67,81
67,82
67,83
67,84
67,85
67,86
67,87
67,88
67,89
67,90
67,91
67,92
67,93
67,94
67,95
67,96
67,97
67,98
67,99
67,100
67,101
67,102
67,103
67,104
67,105
67,106
67,107
67,108
67,109
67,110
67,111
67,112
67,113
67,114
67,115
67,116
67,117
67,118
67,119
68,69
68,70
68,71
68,72
68,73
68,74
68,75
68,76
68,77
68,78
68,79
68,80
68,81
68,82
68,83
68,84
68,85
68,86
68,87
68,88
68,89
68,90
68,91
68,92
68,93
68,94
68,95
68,96
68,97
68,98
68,99
68,100
68,101
68,102
68,103
68,104
68,105
68,106
68,107
68,108
68,109
68,110
68,111
68,112
68,113
68,114
68,115
68,116
68,117
68,118
68,119
69,70
69,71
69,72
69,73
69,74
69,75
69,76
69,77
69,78
69,79
69,80
69,81
69,82
69,83
69,84
69,85
69,86
69,87
69,88
69,89
69,90
69,91
69,92
69,93
69,94
69,95
69,96
69,97
69,98
69,99
69,100
69,101
69,102
69,103
69,104
69,105
69,106
69,107
69,108
69,109
69,110
69,111
69,112
69,113
69,114
69,115
69,116
69,117
69,118
69,119
69,136
69,145
70,71
70,72
70,73
70,74
70,75
70,76
70,77
70,78
70,79
70,80
70,81
70,82
70,83
70,84
70,85
70,86
70,87
70,88
70,89
70,90
70,91
70,92
70,93
70,94
70,95
70,96
70,97
70,98
70,99
70,100
70,101
70,102
70,103
70,104
70,105
70,106
70,107
70,108
70,109
70,110
70,111
70,112
70,113
70,114
70,115
70,116
70,117
70,118
70,119
71,72
71,73
71,74
71,75
71,76
71,77
71,78
71,79
71,80
71,81
71,82
71,83
71,84
71,85
71,86
71,87
71,88
71,89
71,90
71,91
71,92
71,93
71,94
71,95
71,96
71,97
71,98
71,99
71,100
71,101
71,102
71,103
71,104
71,105
71,106
71,107
71,108
71,109
71,110
71,111
71,112
71,113
71,114
71,115
71,116
71,117
71,118
71,119
72,73
72,74
72,75
72,76
72,77
72,78
72,79
72,80
72,81
72,82
72,83
72,84
72,85
72,86
72,87
72,88
72,89
72,90
72,91
72,92
72,93
72,94
72,95
72,96
72,97
72,98
72,99
72,100
72,101
72,102
72,103
72,104
72,105
72,106
72,107
72,108
72,109
72,110
72,111
72,112
72,113
72,114
72,115
72,116
72,117
72,118
72,119
73,74
73,75
73,76
73,77
73,78
73,79
73,80
73,81
73,82
73,83
73,84
73,85
73,86
73,87
73,88
73,89
73,90
73,91
73,92
73,93
73,94
73,95
73,96
73,97
73,98
73,99
73,100
73,101
73,102
73,103
73,104
73,105
73,106
73,107
73,108
73,109
73,110
73,111
73,112
73,113
73,114
73,115
73,116
73,117
73,118
73,119
74,75
74,76
74,77
74,78
74,79
74,80
74,81
74,82
74,83
74,84
74,85
74,86
74,87
74,88
74,89
74,90
74,91
74,92
74,93
74,94
74,95
74,96
74,97
74,98
74,99
74,100
74,101
74,102
74,103
74,104
74,105
74,106
74,107
74,108
74,109
74,110
74,111
74,112
74,113
74,114
74,115
74,116
74,117
74,118
74,119
75,76
75,77
75,78
75,79
75,80
75,81
75,82
75,83
75,84
75,85
75,86
75,87
75,88
75,89
75,90
75,91
75,92
75,93
75,94
75,95
75,96
75,97
75,98
75,99
75,100
75,101
75,102
75,103
75,104
75,105
75,106
75,107
75,108
75,109
75,110
75,111
75,112
75,113
75,114
75,115
75,116
75,117
75,118
75,119
75,271
76,77
76,78
76,79
76,80
76,81
76,82
76,83
76,84
76,85
76,86
76,87
76,88
76,89
76,90
76,91
76,92
76,93
76,94
76,95
76,96
76,97
76,98
76,99
76,100
76,101
76,102
76,103
76,104
76,105
76,106
76,107
76,108
76,109
76,110
76,111
76,112
76,113
76,114
76,115
76,116
76,117
76,118
76,119
77,78
77,79
77,80
77,81
77,82
77,83
77,84
77,85
77,86
77,87
77,88
77,89
77,90
77,91
77,92
77,93
77,94
77,95
77,96
77,97
77,98
77,99
77,100
77,101
77,102
77,103
77,104
77,105
77,106
77,107
77,108
77,109
77,110
77,111
77,112
77,113
77,114
77,115
77,116
77,117
77,118
77,119
77,192
78,79
78,80
78,81
78,82
78,83
78,84
78,85
78,86
78,87
78,88
78,89
78,90
78,91
78,92
78,93
78,94
78,95
78,96
78,97
78,98
78,99
78,100
78,101
78,102
78,103
78,104
78,105
78,106
78,107
78,108
78,109
78,110
78,111
78,112
78,113
78,114
78,115
78,116
78,117
78,118
78,119
78,294
79,80
79,81
79,82
79,83
79,84
79,85
79,86
79,87
79,88
79,89
79,90
79,91
79,92
79,93
79,94
79,95
79,96
79,97
79,98
79,99
79,100
79,101
79,102
79,103
79,104
79,105
79,106
79,107
79,108
79,109
79,110
79,111
79,112
79,113
79,114
79,115
79,116
79,117
79,118
79,119
80,81
80,82
80,83
80,84
80,85
80,86
80,87
80,88
80,89
80,90
80,91
80,92
80,93
80,94
80,95
80,96
80,97
80,98
80,99
80,100
80,101
80,102
80,103
80,104
80,105
80,106
80,107
80,108
80,109
80,110
80,111
80,112
80,113
80,114
80,115
80,116
80,117
80,118
80,119
81,82
81,83
81,84
81,85
81,86
81,87
81,88
81,89
81,90
81,91
81,92
81,93
81,94
81,95
81,96
81,97
81,98
81,99
81,100
81,101
81,102
81,103
81,104
81,105
81,106
81,107
81,108
81,109
81,110
81,111
81,112
81,113
81,114
81,115
81,116
81,117
81,118
81,119
81,233
81,232
82,83
82,84
82,85
82,86
82,87
82,88
82,89
82,90
82,91
82,92
82,93
82,94
82,95
82,96
82,97
82,98
82,99
82,100
82,101
82,102
82,103
82,104
82,105
82,106
82,107
82,108
82,109
82,110
82,111
82,112
82,113
82,114
82,115
82,116
82,117
82,118
82,119
82,227
83,84
83,85
83,86
83,87
83,88
83,89
83,90
83,91
83,92
83,93
83,94
83,95
83,96
83,97
83,98
83,99
83,100
83,101
83,102
83,103
83,104
83,105
83,106
83,107
83,108
83,109
83,110
83,111
83,112
83,113
83,114
83,115
83,116
83,117
83,118
83,119
84,85
84,86
84,87
84,88
84,89
84,90
84,91
84,92
84,93
84,94
84,95
84,96
84,97
84,98
84,99
84,100
84,101
84,102
84,103
84,104
84,105
84,106
84,107
84,108
84,109
84,110
84,111
84,112
84,113
84,114
84,115
84,116
84,117
84,118
84,119
85,86
85,87
85,88
85,89
85,90
85,91
85,92
85,93
85,94
85,95
85,96
85,97
85,98
85,99
85,100
85,101
85,102
85,103
85,104
85,105
85,106
85,107
85,108
85,109
85,110
85,111
85,112
85,113
85,114
85,115
85,116
85,117
85,118
85,119
86,87
86,88
86,89
86,90
86,91
86,92
86,93
86,94
86,95
86,96
86,97
86,98
86,99
86,100
86,101
86,102
86,103
86,104
86,105
86,106
86,107
86,108
86,109
86,110
86,111
86,112
86,113
86,114
86,115
86,116
86,117
86,118
86,119
87,88
87,89
87,90
87,91
87,92
87,93
87,94
87,95
87,96
87,97
87,98
87,99
87,100
87,101
87,102
87,103
87,104
87,105
87,106
87,107
87,108
87,109
87,110
87,111
87,112
87,113
87,114
87,115
87,116
87,117
87,118
87,119
88,89
88,90
88,91
88,92
88,93
88,94
88,95
88,96
88,97
88,98
88,99
88,100
88,101
88,102
88,103
88,104
88,105
88,106
88,107
88,108
88,109
88,110
88,111
88,112
88,113
88,114
88,115
88,116
88,117
88,118
88,119
89,90
89,91
89,92
89,93
89,94
89,95
89,96
89,97
89,98
89,99
89,100
89,101
89,102
89,103
89,104
89,105
89,106
89,107
89,108
89,109
89,110
89,111
89,112
89,113
89,114
89,115
89,116
89,117
89,118
89,119
90,91
90,92
90,93
90,94
90,95
90,96
90,97
90,98
90,99
90,100
90,101
90,102
90,103
90,104
90,105
90,106
90,107
90,108
90,109
90,110
90,111
90,112
90,113
90,114
90,115
90,116
90,117
90,118
90,119
91,92
91,93
91,94
91,95
91,96
91,97
91,98
91,99
91,100
91,101
91,102
91,103
91,104
91,105
91,106
91,107
91,108
91,109
91,110
91,111
91,112
91,113
91,114
91,115
91,116
91,117
91,118
91,119
92,93
92,94
92,95
92,96
92,97
92,98
92,99
92,100
92,101
92,102
92,103
92,104
92,105
92,106
92,107
92,108
92,109
92,110
92,111
92,112
92,113
92,114
92,115
92,116
92,117
92,118
92,119
93,94
93,95
93,96
93,97
93,98
93,99
93,100
93,101
93,102
93,103
93,104
93,105
93,106
93,107
93,108
93,109
93,110
93,111
93,112
93,113
93,114
93,115
93,116
93,117
93,118
93,119
94,95
94,96
94,97
94,98
94,99
94,100
94,101
94,102
94,103
94,104
94,105
94,106
94,107
94,108
94,109
94,110
94,111
94,112
94,113
94,114
94,115
94,116
94,117
94,118
94,119
95,96
95,97
95,98
95,99
95,100
95,101
95,102
95,103
95,104
95,105
95,106
95,107
95,108
95,109
95,110
95,111
95,112
95,113
95,114
95,115
95,116
95,117
95,118
95,119
95,165
96,97
96,98
96,99
96,100
96,101
96,102
96,103
96,104
96,105
96,106
96,107
96,108
96,109
96,110
96,111
96,112
96,113
96,114
96,115
96,116
96,117
96,118
96,119
97,98
97,99
97,100
97,101
97,102
97,103
97,104
97,105
97,106
97,107
97,108
97,109
97,110
97,111
97,112
97,113
97,114
97,115
97,116
97,117
97,118
97,119
98,99
98,100
98,101
98,102
98,103
98,104
98,105
98,106
98,107
98,108
98,109
98,110
98,111
98,112
98,113
98,114
98,115
98,116
98,117
98,118
98,119
99,100
99,101
99,102
99,103
99,104
99,105
99,106
99,107
99,108
99,109
99,110
99,111
99,112
99,113
99,114
99,115
99,116
99,117
99,118
99,119
99,175
100,101
100,102
100,103
100,104
100,105
100,106
100,107
100,108
100,109
100,110
100,111
100,112
100,113
100,114
100,115
100,116
100,117
100,118
100,119
101,102
101,103
101,104
101,105
101,106
101,107
101,108
101,109
101,110
101,111
101,112
101,113
101,114
101,115
101,116
101,117
101,118
101,119
101,292
102,103
102,104
102,105
102,106
102,107
102,108
102,109
102,110
102,111
102,112
102,113
102,114
102,115
102,116
102,117
102,118
102,119
103,104
103,105
103,106
103,107
103,108
103,109
103,110
103,111
103,112
103,113
103,114
103,115
103,116
103,117
103,118
103,119
103,248
104,105
104,106
104,107
104,108
104,109
104,110
104,111
104,112
104,113
104,114
104,115
104,116
104,117
104,118
104,119
105,106
105,107
105,108
105,109
105,110
105,111
105,112
105,113
105,114
105,115
105,116
105,117
105,118
105,119
106,107
106,108
106,109
106,110
106,111
106,112
106,113
106,114
106,115
106,116
106,117
106,118
106,119
106,260
107,108
107,109
107,110
107,111
107,112
107,113
107,114
107,115
107,116
107,117
107,118
107,119
108,109
108,110
108,111
108,112
108,113
108,114
108,115
108,116
108,117
108,118
108,119
109,110
109,111
109,112
109,113
109,114
109,115
109,116
109,117
109,118
109,119
109,246
110,111
110,112
110,113
110,114
110,115
110,116
110,117
110,118
110,119
111,112
111,113
111,114
111,115
111,116
111,117
111,118
111,119
112,113
112,114
112,115
112,116
112,117
112,118
112,119
113,114
113,115
113,116
113,117
113,118
113,119
113,151
113,219
113,206
114,115
114,116
114,117
114,118
114,119
114,263
115,116
115,117
115,118
115,119
115,122
116,117
116,118
116,119
117,118
117,119
118,119
119,141
120,121
120,122
120,123
120,124
120,125
120,126
120,127
120,128
120,129
120,130
120,131
120,132
120,133
120,134
120,135
120,136
120,137
120,138
120,139
120,140
120,141
120,142
120,143
120,144
120,145
120,146
120,147
120,148
120,149
120,150
120,151
120,152
120,153
120,154
120,155
120,156
120,157
120,158
120,159
120,160
120,161
120,162
120,163
120,164
120,165
120,166
120,167
120,168
120,169
120,170
120,171
120,172
120,173
120,174
120,175
120,176
120,177
120,178
120,179
121,122
121,123
121,124
121,125
121,126
121,127
121,128
121,129
121,130
121,131
121,132
121,133
121,134
121,135
121,136
121,137
121,138
121,139
121,140
121,141
121,142
121,143
121,144
121,145
121,146
121,147
121,148
121,149
121,150
121,151
121,152
121,153
121,154
121,155
121,156
121,157
121,158
121,159
121,160
121,161
121,162
121,163
121,164
121,165
121,166
121,167
121,168
121,169
121,170
121,171
121,172
121,173
121,174
121,175
121,176
121,177
121,178
121,179
122,123
122,124
122,125
122,126
122,127
122,128
122,129
122,130
122,131
122,132
122,133
122,134
122,135
122,136
122,137
122,138
122,139
122,140
122,141
122,142
122,143
122,144
122,145
122,146
122,147
122,148
122,149
122,150
122,151
122,152
122,153
122,154
122,155
122,156
122,157
122,158
122,159
122,160
122,161
122,162
122,163
122,164
122,165
122,166
122,167
122,168
122,169
122,170
122,171
122,172
122,173
122,174
122,175
122,176
122,177
122,178
122,179
123,124
123,125
123,126
123,127
123,128
123,129
123,130
123,131
123,132
123,133
123,134
123,135
123,136
123,137
123,138
123,139
123,140
123,141
123,142
123,143
123,144
123,145
123,146
123,147
123,148
123,149
123,150
123,151
123,152
123,153
123,154
123,155
123,156
123,157
123,158
123,159
123,160
123,161
123,162
123,163
123,164
123,165
123,166
123,167
123,168
123,169
123,170
123,171
123,172
123,173
123,174
123,175
123,176
123,177
123,178
123,179
124,125
124,126
124,127
124,128
124,129
124,130
124,131
124,132
124,133
124,134
124,135
124,136
124,137
124,138
124,139
124,140
124,141
124,142
124,143
124,144
124,145
124,146
124,147
124,148
124,149
124,150
124,151
124,152
124,153
124,154
124,155
124,156
124,157
124,158
124,159
124,160
124,161
124,162
124,163
124,164
124,165
124,166
124,167
124,168
124,169
124,170
124,171
124,172
124,173
124,174
124,175
124,176
124,177
124,178
124,179
125,126
125,127
125,128
125,129
125,130
125,131
125,132
125,133
125,134
125,135
125,136
125,137
125,138
125,139
125,140
125,141
125,142
125,143
125,144
125,145
125,146
125,147
125,148
125,149
125,150
125,151
125,152
125,153
125,154
125,155
125,156
125,157
125,158
125,159
125,160
125,161
125,162
125,163
125,164
125,165
125,166
125,167
125,168
125,169
125,170
125,171
125,172
125,173
125,174
125,175
125,176
125,177
125,178
125,179
126,127
126,128
126,129
126,130
126,131
126,132
126,133
126,134
126,135
126,136
126,137
126,138
126,139
126,140
126,141
126,142
126,143
126,144
126,145
126,146
126,147
126,148
126,149
126,150
126,151
126,152
126,153
126,154
126,155
126,156
126,157
126,158
126,159
126,160
126,161
126,162
126,163
126,164
126,165
126,166
126,167
126,168
126,169
126,170
126,171
126,172
126,173
126,174
126,175
126,176
126,177
126,178
126,179
126,235
126,203
127,128
127,129
127,130
127,131
127,132
127,133
127,134
127,135
127,136
127,137
127,138
127,139
127,140
127,141
127,142
127,143
127,144
127,145
127,146
127,147
127,148
127,149
127,150
127,151
127,152
127,153
127,154
127,155
127,156
127,157
127,158
127,159
127,160
127,161
127,162
127,163
127,164
127,165
127,166
127,167
127,168
127,169
127,170
127,171
127,172
127,173
127,174
127,175
127,176
127,177
127,178
127,179
128,129
128,130
128,131
128,132
128,133
128,134
128,135
128,136
128,137
128,138
128,139
128,140
128,141
128,142
128,143
128,144
128,145
128,146
128,147
128,148
128,149
128,150
128,151
128,152
128,153
128,154
128,155
128,156
128,157
128,158
128,159
128,160
128,161
128,162
128,163
128,164
128,165
128,166
128,167
128,168
128,169
128,170
128,171
128,172
128,173
128,174
128,175
128,176
128,177
128,178
128,179
129,130
129,131
129,132
129,133
129,134
129,135
129,136
129,137
129,138
129,139
129,140
129,141
129,142
129,143
129,144
129,145
129,146
129,147
129,148
129,149
129,150
129,151
129,152
129,153
129,154
129,155
129,156
129,157
129,158
129,159
129,160
129,161
129,162
129,163
129,164
129,165
129,166
129,167
129,168
129,169
129,170
129,171
129,172
129,173
129,174
129,175
129,176
129,177
129,178
129,179
130,131
130,132
130,133
130,134
130,135
130,136
130,137
130,138
130,139
130,140
130,141
130,142
130,143
130,144
130,145
130,146
130,147
130,148
130,149
130,150
130,151
130,152
130,153
130,154
130,155
130,156
130,157
130,158
130,159
130,160
130,161
130,162
130,163
130,164
130,165
130,166
130,167
130,168
130,169
130,170
130,171
130,172
130,173
130,174
130,175
130,176
130,177
130,178
130,179
131,132
131,133
131,134
131,135
131,136
131,137
131,138
131,139
131,140
131,141
131,142
131,143
131,144
131,145
131,146
131,147
131,148
131,149
131,150
131,151
131,152
131,153
131,154
131,155
131,156
131,157
131,158
131,159
131,160
131,161
131,162
131,163
131,164
131,165
131,166
131,167
131,168
131,169
131,170
131,171
131,172
131,173
131,174
131,175
131,176
131,177
131,178
131,179
131,240
132,133
132,134
132,135
132,136
132,137
132,138
132,139
132,140
132,141
132,142
132,143
132,144
132,145
132,146
132,147
132,148
132,149
132,150
132,151
132,152
132,153
132,154
132,155
132,156
132,157
132,158
132,159
132,160
132,161
132,162
132,163
132,164
132,165
132,166
132,167
132,168
132,169
132,170
132,171
132,172
132,173
132,174
132,175
132,176
132,177
132,178
132,179
132,260
133,134
133,135
133,136
133,137
133,138
133,139
133,140
133,141
133,142
133,143
133,144
133,145
133,146
133,147
133,148
133,149
133,150
133,151
133,152
133,153
133,154
133,155
133,156
133,157
133,158
133,159
133,160
133,161
133,162
133,163
133,164
133,165
133,166
133,167
133,168
133,169
133,170
133,171
133,172
133,173
133,174
133,175
133,176
133,177
133,178
133,179
134,135
134,136
134,137
134,138
134,139
134,140
134,141
134,142
134,143
134,144
134,145
134,146
134,147
134,148
134,149
134,150
134,151
134,152
134,153
134,154
134,155
134,156
134,157
134,158
134,159
134,160
134,161
134,162
134,163
134,164
134,165
134,166
134,167
134,168
134,169
134,170
134,171
134,172
134,173
134,174
134,175
134,176
134,177
134,178
134,179
135,136
135,137
135,138
135,139
135,140
135,141
135,142
135,143
135,144
135,145
135,146
135,147
135,148
135,149
135,150
135,151
135,152
135,153
135,154
135,155
135,156
135,157
135,158
135,159
135,160
135,161
135,162
135,163
135,164
135,165
135,166
135,167
135,168
135,169
135,170
135,171
135,172
135,173
135,174
135,175
135,176
135,177
135,178
135,179
136,137
136,138
136,139
136,140
136,141
136,142
136,143
136,144
136,145
136,146
136,147
136,148
136,149
136,150
136,151
136,152
136,153
136,154
136,155
136,156
136,157
136,158
136,159
136,160
136,161
136,162
136,163
136,164
136,165
136,166
136,167
136,168
136,169
136,170
136,171
136,172
136,173
136,174
136,175
136,176
136,177
136,178
136,179
137,138
137,139
137,140
137,141
137,142
137,143
137,144
137,145
137,146
137,147
137,148
137,149
137,150
137,151
137,152
137,153
137,154
137,155
137,156
137,157
137,158
137,159
137,160
137,161
137,162
137,163
137,164
137,165
137,166
137,167
137,168
137,169
137,170
137,171
137,172
137,173
137,174
137,175
137,176
137,177
137,178
137,179
138,139
138,140
138,141
138,142
138,143
138,144
138,145
138,146
138,147
138,148
138,149
138,150
138,151
138,152
138,153
138,154
138,155
138,156
138,157
138,158
138,159
138,160
138,161
138,162
138,163
138,164
138,165
138,166
138,167
138,168
138,169
138,170
138,171
138,172
138,173
138,174
138,175
138,176
138,177
138,178
138,179
139,140
139,141
139,142
139,143
139,144
139,145
139,146
139,147
139,148
139,149
139,150
139,151
139,152
139,153
139,154
139,155
139,156
139,157
139,158
139,159
139,160
139,161
139,162
139,163
139,164
139,165
139,166
139,167
139,168
139,169
139,170
139,171
139,172
139,173
139,174
139,175
139,176
139,177
139,178
139,179
140,141
140,142
140,143
140,144
140,145
140,146
140,147
140,148
140,149
140,150
140,151
140,152
140,153
140,154
140,155
140,156
140,157
140,158
140,159
140,160
140,161
140,162
140,163
140,164
140,165
140,166
140,167
140,168
140,169
140,170
140,171
140,172
140,173
140,174
140,175
140,176
140,177
140,178
140,179
141,142
141,143
141,144
141,145
141,146
141,147
141,148
141,149
141,150
141,151
141,152
141,153
141,154
141,155
141,156
141,157
141,158
141,159
141,160
141,161
141,162
141,163
141,164
141,165
141,166
141,167
141,168
141,169
141,170
141,171
141,172
141,173
141,174
141,175
141,176
141,177
141,178
141,179
142,143
142,144
142,145
142,146
142,147
142,148
142,149
142,150
142,151
142,152
142,153
142,154
142,155
142,156
142,157
142,158
142,159
142,160
142,161
142,162
142,163
142,164
142,165
142,166
142,167
142,168
142,169
142,170
142,171
142,172
142,173
142,174
142,175
142,176
142,177
142,178
142,179
143,144
143,145
143,146
143,147
143,148
143,149
143,150
143,151
143,152
143,153
143,154
143,155
143,156
143,157
143,158
143,159
143,160
143,161
143,162
143,163
143,164
143,165
143,166
143,167
143,168
143,169
143,170
143,171
143,172
143,173
143,174
143,175
143,176
143,177
143,178
143,179
143,278
144,145
144,146
144,147
144,148
144,149
144,150
144,151
144,152
144,153
144,154
144,155
144,156
144,157
144,158
144,159
144,160
144,161
144,162
144,163
144,164
144,165
144,166
144,167
144,168
144,169
144,170
144,171
144,172
144,173
144,174
144,175
144,176
144,177
144,178
144,179
144,223
145,146
145,147
145,148
145,149
145,150
145,151
145,152
145,153
145,154
145,155
145,156
145,157
145,158
145,159
145,160
145,161
145,162
145,163
145,164
145,165
145,166
145,167
145,168
145,169
145,170
145,171
145,172
145,173
145,174
145,175
145,176
145,177
145,178
145,179
146,147
146,148
146,149
146,150
146,151
146,152
146,153
146,154
146,155
146,156
146,157
146,158
146,159
146,160
146,161
146,162
146,163
146,164
146,165
146,166
146,167
146,168
146,169
146,170
146,171
146,172
146,173
146,174
146,175
146,176
146,177
146,178
146,179
146,206
147,148
147,149
147,150
147,151
147,152
147,153
147,154
147,155
147,156
147,157
147,158
147,159
147,160
147,161
147,162
147,163
147,164
147,165
147,166
147,167
147,168
147,169
147,170
147,171
147,172
147,173
147,174
147,175
147,176
147,177
147,178
147,179
148,149
148,150
148,151
148,152
148,153
148,154
148,155
148,156
148,157
148,158
148,159
148,160
148,161
148,162
148,163
148,164
148,165
148,166
148,167
148,168
148,169
148,170
148,171
148,172
148,173
148,174
148,175
148,176
148,177
148,178
148,179
149,150
149,151
149,152
149,153
149,154
149,155
149,156
149,157
149,158
149,159
149,160
149,161
149,162
149,163
149,164
149,165
149,166
149,167
149,168
149,169
149,170
149,171
149,172
149,173
149,174
149,175
149,176
149,177
149,178
149,179
150,151
150,152
150,153
150,154
150,155
150,156
150,157
150,158
150,159
150,160
150,161
150,162
150,163
150,164
150,165
150,166
150,167
150,168
150,169
150,170
150,171
150,172
150,173
150,174
150,175
150,176
150,177
150,178
150,179
151,152
151,153
151,154
151,155
151,156
151,157
151,158
151,159
151,160
151,161
151,162
151,163
151,164
151,165
151,166
151,167
151,168
151,169
151,170
151,171
151,172
151,173
151,174
151,175
151,176
151,177
151,178
151,179
151,189
152,153
152,154
152,155
152,156
152,157
152,158
152,159
152,160
152,161
152,162
152,163
152,164
152,165
152,166
152,167
152,168
152,169
152,170
152,171
152,172
152,173
152,174
152,175
152,176
152,177
152,178
152,179
153,154
153,155
153,156
153,157
153,158
153,159
153,160
153,161
153,162
153,163
153,164
153,165
153,166
153,167
153,168
153,169
153,170
153,171
153,172
153,173
153,174
153,175
153,176
153,177
153,178
153,179
154,155
154,156
154,157
154,158
154,159
154,160
154,161
154,162
154,163
154,164
154,165
154,166
154,167
154,168
154,169
154,170
154,171
154,172
154,173
154,174
154,175
154,176
154,177
154,178
154,179
155,156
155,157
155,158
155,159
155,160
155,161
155,162
155,163
155,164
155,165
155,166
155,167
155,168
155,169
155,170
155,171
155,172
155,173
155,174
155,175
155,176
155,177
155,178
155,179
156,157
156,158
156,159
156,160
156,161
156,162
156,163
156,164
156,165
156,166
156,167
156,168
156,169
156,170
156,171
156,172
156,173
156,174
156,175
156,176
156,177
156,178
156,179
157,158
157,159
157,160
157,161
157,162
157,163
157,164
157,165
157,166
157,167
157,168
157,169
157,170
157,171
157,172
157,173
157,174
157,175
157,176
157,177
157,178
157,179
158,159
158,160
158,161
158,162
158,163
158,164
158,165
158,166
158,167
158,168
158,169
158,170
158,171
158,172
158,173
158,174
158,175
158,176
158,177
158,178
158,179
158,252
159,160
159,161
159,162
159,163
159,164
159,165
159,166
159,167
159,168
159,169
159,170
159,171
159,172
159,173
159,174
159,175
159,176
159,177
159,178
159,179
160,161
160,162
160,163
160,164
160,165
160,166
160,167
160,168
160,169
160,170
160,171
160,172
160,173
160,174
160,175
160,176
160,177
160,178
160,179
161,162
161,163
161,164
161,165
161,166
161,167
161,168
161,169
161,170
161,171
161,172
161,173
161,174
161,175
161,176
161,177
161,178
161,179
162,163
162,164
162,165
162,166
162,167
162,168
162,169
162,170
162,171
162,172
162,173
162,174
162,175
162,176
162,177
162,178
162,179
163,164
163,165
163,166
163,167
163,168
163,169
163,170
163,171
163,172
163,173
163,174
163,175
163,176
163,177
163,178
163,179
164,165
164,166
164,167
164,168
164,169
164,170
164,171
164,172
164,173
164,174
164,175
164,176
164,177
164,178
164,179
165,166
165,167
165,168
165,169
165,170
165,171
165,172
165,173
165,174
165,175
165,176
165,177
165,178
165,179
165,249
166,167
166,168
166,169
166,170
166,171
166,172
166,173
166,174
166,175
166,176
166,177
166,178
166,179
167,168
167,169
167,170
167,171
167,172
167,173
167,174
167,175
167,176
167,177
167,178
167,179
168,169
168,170
168,171
168,172
168,173
168,174
168,175
168,176
168,177
168,178
168,179
168,195
169,170
169,171
169,172
169,173
169,174
169,175
169,176
169,177
169,178
169,179
170,171
170,172
170,173
170,174
170,175
170,176
170,177
170,178
170,179
171,172
171,173
171,174
171,175
171,176
171,177
171,178
171,179
172,173
172,174
172,175
172,176
172,177
172,178
172,179
172,230
173,174
173,175
173,176
173,177
173,178
173,179
173,261
173,283
174,175
174,176
174,177
174,178
174,179
175,176
175,177
175,178
175,179
176,177
176,178
176,179
177,178
177,179
178,179
180,181
180,182
180,183
180,184
180,185
180,186
180,187
180,188
180,189
180,190
180,191
180,192
180,193
180,194
180,195
180,196
180,197
180,198
180,199
180,200
180,201
180,202
180,203
180,204
180,205
180,206
180,207
180,208
180,209
180,210
180,211
180,212
180,213
180,214
180,215
180,216
180,217
180,218
180,219
180,220
180,221
180,222
180,223
180,224
180,225
180,226
180,227
180,228
180,229
180,230
180,231
180,232
180,233
180,234
180,235
180,236
180,237
180,238
180,239
181,182
181,183
181,184
181,185
181,186
181,187
181,188
181,189
181,190
181,191
181,192
181,193
181,194
181,195
181,196
181,197
181,198
181,199
181,200
181,201
181,202
181,203
181,204
181,205
181,206
181,207
181,208
181,209
181,210
181,211
181,212
181,213
181,214
181,215
181,216
181,217
181,218
181,219
181,220
181,221
181,222
181,223
181,224
181,225
181,226
181,227
181,228
181,229
181,230
181,231
181,232
181,233
181,234
181,235
181,236
181,237
181,238
181,239
182,183
182,184
182,185
182,186
182,187
182,188
182,189
182,190
182,191
182,192
182,193
182,194
182,195
182,196
182,197
182,198
182,199
182,200
182,201
182,202
182,203
182,204
182,205
182,206
182,207
182,208
182,209
182,210
182,211
182,212
182,213
182,214
182,215
182,216
182,217
182,218
182,219
182,220
182,221
182,222
182,223
182,224
182,225
182,226
182,227
182,228
182,229
182,230
182,231
182,232
182,233
182,234
182,235
182,236
182,237
182,238
182,239
183,184
183,185
183,186
183,187
183,188
183,189
183,190
183,191
183,192
183,193
183,194
183,195
183,196
183,197
183,198
183,199
183,200
183,201
183,202
183,203
183,204
183,205
183,206
183,207
183,208
183,209
183,210
183,211
183,212
183,213
183,214
183,215
183,216
183,217
183,218
183,219
183,220
183,221
183,222
183,223
183,224
183,225
183,226
183,227
183,228
183,229
183,230
183,231
183,232
183,233
183,234
183,235
183,236
183,237
183,238
183,239
184,185
184,186
184,187
184,188
184,189
184,190
184,191
184,192
184,193
184,194
184,195
184,196
184,197
184,198
184,199
184,200
184,201
184,202
184,203
184,204
184,205
184,206
184,207
184,208
184,209
184,210
184,211
184,212
184,213
184,214
184,215
184,216
184,217
184,218
184,219
184,220
184,221
184,222
184,223
184,224
184,225
184,226
184,227
184,228
184,229
184,230
184,231
184,232
184,233
184,234
184,235
184,236
184,237
184,238
184,239
185,186
185,187
185,188
185,189
185,190
185,191
185,192
185,193
185,194
185,195
185,196
185,197
185,198
185,199
185,200
185,201
185,202
185,203
185,204
185,205
185,206
185,207
185,208
185,209
185,210
185,211
185,212
185,213
185,214
185,215
185,216
185,217
185,218
185,219
185,220
185,221
185,222
185,223
185,224
185,225
185,226
185,227
185,228
185,229
185,230
185,231
185,232
185,233
185,234
185,235
185,236
185,237
185,238
185,239
186,187
186,188
186,189
186,190
186,191
186,192
186,193
186,194
186,195
186,196
186,197
186,198
186,199
186,200
186,201
186,202
186,203
186,204
186,205
186,206
186,207
186,208
186,209
186,210
186,211
186,212
186,213
186,214
186,215
186,216
186,217
186,218
186,219
186,220
186,221
186,222
186,223
186,224
186,225
186,226
186,227
186,228
186,229
186,230
186,231
186,232
186,233
186,234
186,235
186,236
186,237
186,238
186,239
187,188
187,189
187,190
187,191
187,192
187,193
187,194
187,195
187,196
187,197
187,198
187,199
187,200
187,201
187,202
187,203
187,204
187,205
187,206
187,207
187,208
187,209
187,210
187,211
187,212
187,213
187,214
187,215
187,216
187,217
187,218
187,219
187,220
187,221
187,222
187,223
187,224
187,225
187,226
187,227
187,228
187,229
187,230
187,231
187,232
187,233
187,234
187,235
187,236
187,237
187,238
187,239
188,189
188,190
188,191
188,192
188,193
188,194
188,195
188,196
188,197
188,198
188,199
188,200
188,201
188,202
188,203
188,204
188,205
188,206
188,207
188,208
188,209
188,210
188,211
188,212
188,213
188,214
188,215
188,216
188,217
188,218
188,219
188,220
188,221
188,222
188,223
188,224
188,225
188,226
188,227
188,228
188,229
188,230
188,231
188,232
188,233
188,234
188,235
188,236
188,237
188,238
188,239
189,190
189,191
189,192
189,193
189,194
189,195
189,196
189,197
189,198
189,199
189,200
189,201
189,202
189,203
189,204
189,205
189,206
189,207
189,208
189,209
189,210
189,211
189,212
189,213
189,214
189,215
189,216
189,217
189,218
189,219
189,220
189,221
189,222
189,223
189,224
189,225
189,226
189,227
189,228
189,229
189,230
189,231
189,232
189,233
189,234
189,235
189,236
189,237
189,238
189,239
190,191
190,192
190,193
190,194
190,195
190,196
190,197
190,198
190,199
190,200
190,201
190,202
190,203
190,204
190,205
190,206
190,207
190,208
190,209
190,210
190,211
190,212
190,213
190,214
190,215
190,216
190,217
190,218
190,219
190,220
190,221
190,222
190,223
190,224
190,225
190,226
190,227
190,228
190,229
190,230
190,231
190,232
190,233
190,234
190,235
190,236
190,237
190,238
190,239
191,192
191,193
191,194
191,195
191,196
191,197
191,198
191,199
191,200
191,201
191,202
191,203
191,204
191,205
191,206
191,207
191,208
191,209
191,210
191,211
191,212
191,213
191,214
191,215
191,216
191,217
191,218
191,219
191,220
191,221
191,222
191,223
191,224
191,225
191,226
191,227
191,228
191,229
191,230
191,231
191,232
191,233
191,234
191,235
191,236
191,237
191,238
191,239
192,193
192,194
192,195
192,196
192,197
192,198
192,199
192,200
192,201
192,202
192,203
192,204
192,205
192,206
192,207
192,208
192,209
192,210
192,211
192,212
192,213
192,214
192,215
192,216
192,217
192,218
192,219
192,220
192,221
192,222
192,223
192,224
192,225
192,226
192,227
192,228
192,229
192,230
192,231
192,232
192,233
192,234
192,235
192,236
192,237
192,238
192,239
193,194
193,195
193,196
193,197
193,198
193,199
193,200
193,201
193,202
193,203
193,204
193,205
193,206
193,207
193,208
193,209
193,210
193,211
193,212
193,213
193,214
193,215
193,216
193,217
193,218
193,219
193,220
193,221
193,222
193,223
193,224
193,225
193,226
193,227
193,228
193,229
193,230
193,231
193,232
193,233
193,234
193,235
193,236
193,237
193,238
193,239
194,195
194,196
194,197
194,198
194,199
194,200
194,201
194,202
194,203
194,204
194,205
194,206
194,207
194,208
194,209
194,210
194,211
194,212
194,213
194,214
194,215
194,216
194,217
194,218
194,219
194,220
194,221
194,222
194,223
194,224
194,225
194,226
194,227
194,228
194,229
194,230
194,231
194,232
194,233
194,234
194,235
194,236
194,237
194,238
194,239
194,241
195,196
195,197
195,198
195,199
195,200
195,201
195,202
195,203
195,204
195,205
195,206
195,207
195,208
195,209
195,210
195,211
195,212
195,213
195,214
195,215
195,216
195,217
195,218
195,219
195,220
195,221
195,222
195,223
195,224
195,225
195,226
195,227
195,228
195,229
195,230
195,231
195,232
195,233
195,234
195,235
195,236
195,237
195,238
195,239
196,197
196,198
196,199
196,200
196,201
196,202
196,203
196,204
196,205
196,206
196,207
196,208
196,209
196,210
196,211
196,212
196,213
196,214
196,215
196,216
196,217
196,218
196,219
196,220
196,221
196,222
196,223
196,224
196,225
196,226
196,227
196,228
196,229
196,230
196,231
196,232
196,233
196,234
196,235
196,236
196,237
196,238
196,239
197,198
197,199
197,200
197,201
197,202
197,203
197,204
197,205
197,206
197,207
197,208
197,209
197,210
197,211
197,212
197,213
197,214
197,215
197,216
197,217
197,218
197,219
197,220
197,221
197,222
197,223
197,224
197,225
197,226
197,227
197,228
197,229
197,230
197,231
197,232
197,233
197,234
197,235
197,236
197,237
197,238
197,239
198,199
198,200
198,201
198,202
198,203
198,204
198,205
198,206
198,207
198,208
198,209
198,210
198,211
198,212
198,213
198,214
198,215
198,216
198,217
198,218
198,219
198,220
198,221
198,222
198,223
198,224
198,225
198,226
198,227
198,228
198,229
198,230
198,231
198,232
198,233
198,234
198,235
198,236
198,237
198,238
198,239
199,200
199,201
199,202
199,203
199,204
199,205
199,206
199,207
199,208
199,209
199,210
199,211
199,212
199,213
199,214
199,215
199,216
199,217
199,218
199,219
199,220
199,221
199,222
199,223
199,224
199,225
199,226
199,227
199,228
199,229
199,230
199,231
199,232
199,233
199,234
199,235
199,236
199,237
199,238
199,239
200,201
200,202
200,203
200,204
200,205
200,206
200,207
200,208
200,209
200,210
200,211
200,212
200,213
200,214
200,215
200,216
200,217
200,218
200,219
200,220
200,221
200,222
200,223
200,224
200,225
200,226
200,227
200,228
200,229
200,230
200,231
200,232
200,233
200,234
200,235
200,236
200,237
200,238
200,239
201,202
201,203
201,204
201,205
201,206
201,207
201,208
201,209
201,210
201,211
201,212
201,213
201,214
201,215
201,216
201,217
201,218
201,219
201,220
201,221
201,222
201,223
201,224
201,225
201,226
201,227
201,228
201,229
201,230
201,231
201,232
201,233
201,234
201,235
201,236
201,237
201,238
201,239
202,203
202,204
202,205
202,206
202,207
202,208
202,209
202,210
202,211
202,212
202,213
202,214
202,215
202,216
202,217
202,218
202,219
202,220
202,221
202,222
202,223
202,224
202,225
202,226
202,227
202,228
202,229
202,230
202,231
202,232
202,233
202,234
202,235
202,236
202,237
202,238
202,239
203,204
203,205
203,206
203,207
203,208
203,209
203,210
203,211
203,212
203,213
203,214
203,215
203,216
203,217
203,218
203,219
203,220
203,221
203,222
203,223
203,224
203,225
203,226
203,227
203,228
203,229
203,230
203,231
203,232
203,233
203,234
203,235
203,236
203,237
203,238
203,239
204,205
204,206
204,207
204,208
204,209
204,210
204,211
204,212
204,213
204,214
204,215
204,216
204,217
204,218
204,219
204,220
204,221
204,222
204,223
204,224
204,225
204,226
204,227
204,228
204,229
204,230
204,231
204,232
204,233
204,234
204,235
204,236
204,237
204,238
204,239
205,206
205,207
205,208
205,209
205,210
205,211
205,212
205,213
205,214
205,215
205,216
205,217
205,218
205,219
205,220
205,221
205,222
205,223
205,224
205,225
205,226
205,227
205,228
205,229
205,230
205,231
205,232
205,233
205,234
205,235
205,236
205,237
205,238
205,239
206,207
206,208
206,209
206,210
206,211
206,212
206,213
206,214
206,215
206,216
206,217
206,218
206,219
206,220
206,221
206,222
206,223
206,224
206,225
206,226
206,227
206,228
206,229
206,230
206,231
206,232
206,233
206,234
206,235
206,236
206,237
206,238
206,239
207,208
207,209
207,210
207,211
207,212
207,213
207,214
207,215
207,216
207,217
207,218
207,219
207,220
207,221
207,222
207,223
207,224
207,225
207,226
207,227
207,228
207,229
207,230
207,231
207,232
207,233
207,234
207,235
207,236
207,237
207,238
207,239
208,209
208,210
208,211
208,212
208,213
208,214
208,215
208,216
208,217
208,218
208,219
208,220
208,221
208,222
208,223
208,224
208,225
208,226
208,227
208,228
208,229
208,230
208,231
208,232
208,233
208,234
208,235
208,236
208,237
208,238
208,239
209,210
209,211
209,212
209,213
209,214
209,215
209,216
209,217
209,218
209,219
209,220
209,221
209,222
209,223
209,224
209,225
209,226
209,227
209,228
209,229
209,230
209,231
209,232
209,233
209,234
209,235
209,236
209,237
209,238
209,239
210,211
210,212
210,213
210,214
210,215
210,216
210,217
210,218
210,219
210,220
210,221
210,222
210,223
210,224
210,225
210,226
210,227
210,228
210,229
210,230
210,231
210,232
210,233
210,234
210,235
210,236
210,237
210,238
210,239
210,289
211,212
211,213
211,214
211,215
211,216
211,217
211,218
211,219
211,220
211,221
211,222
211,223
211,224
211,225
211,226
211,227
211,228
211,229
211,230
211,231
211,232
211,233
211,234
211,235
211,236
211,237
211,238
211,239
212,213
212,214
212,215
212,216
212,217
212,218
212,219
212,220
212,221
212,222
212,223
212,224
212,225
212,226
212,227
212,228
212,229
212,230
212,231
212,232
212,233
212,234
212,235
212,236
212,237
212,238
212,239
212,283
213,214
213,215
213,216
213,217
213,218
213,219
213,220
213,221
213,222
213,223
213,224
213,225
213,226
213,227
213,228
213,229
213,230
213,231
213,232
213,233
213,234
213,235
213,236
213,237
213,238
213,239
214,215
214,216
214,217
214,218
214,219
214,220
214,221
214,222
214,223
214,224
214,225
214,226
214,227
214,228
214,229
214,230
214,231
214,232
214,233
214,234
214,235
214,236
214,237
214,238
214,239
215,216
215,217
215,218
215,219
215,220
215,221
215,222
215,223
215,224
215,225
215,226
215,227
215,228
215,229
215,230
215,231
215,232
215,233
215,234
215,235
215,236
215,237
215,238
215,239
216,217
216,218
216,219
216,220
216,221
216,222
216,223
216,224
216,225
216,226
216,227
216,228
216,229
216,230
216,231
216,232
216,233
216,234
216,235
216,236
216,237
216,238
216,239
217,218
217,219
217,220
217,221
217,222
217,223
217,224
217,225
217,226
217,227
217,228
217,229
217,230
217,231
217,232
217,233
217,234
217,235
217,236
217,237
217,238
217,239
218,219
218,220
218,221
218,222
218,223
218,224
218,225
218,226
218,227
218,228
218,229
218,230
218,231
218,232
218,233
218,234
218,235
218,236
218,237
218,238
218,239
219,220
219,221
219,222
219,223
219,224
219,225
219,226
219,227
219,228
219,229
219,230
219,231
219,232
219,233
219,234
219,235
219,236
219,237
219,238
219,239
220,221
220,222
220,223
220,224
220,225
220,226
220,227
220,228
220,229
220,230
220,231
220,232
220,233
220,234
220,235
220,236
220,237
220,238
220,239
221,222
221,223
221,224
221,225
221,226
221,227
221,228
221,229
221,230
221,231
221,232
221,233
221,234
221,235
221,236
221,237
221,238
221,239
222,223
222,224
222,225
222,226
222,227
222,228
222,229
222,230
222,231
222,232
222,233
222,234
222,235
222,236
222,237
222,238
222,239
223,224
223,225
223,226
223,227
223,228
223,229
223,230
223,231
223,232
223,233
223,234
223,235
223,236
223,237
223,238
223,239
224,225
224,226
224,227
224,228
224,229
224,230
224,231
224,232
224,233
224,234
224,235
224,236
224,237
224,238
224,239
225,226
225,227
225,228
225,229
225,230
225,231
225,232
225,233
225,234
225,235
225,236
225,237
225,238
225,239
226,227
226,228
226,229
226,230
226,231
226,232
226,233
226,234
226,235
226,236
226,237
226,238
226,239
227,228
227,229
227,230
227,231
227,232
227,233
227,234
227,235
227,236
227,237
227,238
227,239
228,229
228,230
228,231
228,232
228,233
228,234
228,235
228,236
228,237
228,238
228,239
228,276
228,243
229,230
229,231
229,232
229,233
229,234
229,235
229,236
229,237
229,238
229,239
230,231
230,232
230,233
230,234
230,235
230,236
230,237
230,238
230,239
231,232
231,233
231,234
231,235
231,236
231,237
231,238
231,239
232,233
232,234
232,235
232,236
232,237
232,238
232,239
233,234
233,235
233,236
233,237
233,238
233,239
233,286
234,235
234,236
234,237
234,238
234,239
235,236
235,237
235,238
235,239
236,237
236,238
236,239
237,238
237,239
238,239
239,260
240,241
240,242
240,243
240,244
240,245
240,246
240,247
240,248
240,249
240,250
240,251
240,252
240,253
240,254
240,255
240,256
240,257
240,258
240,259
240,260
240,261
240,262
240,263
240,264
240,265
240,266
240,267
240,268
240,269
240,270
240,271
240,272
240,273
240,274
240,275
240,276
240,277
240,278
240,279
240,280
240,281
240,282
240,283
240,284
240,285
240,286
240,287
240,288
240,289
240,290
240,291
240,292
240,293
240,294
240,295
240,296
240,297
240,298
240,299
241,242
241,243
241,244
241,245
241,246
241,247
241,248
241,249
241,250
241,251
241,252
241,253
241,254
241,255
241,256
241,257
241,258
241,259
241,260
241,261
241,262
241,263
241,264
241,265
241,266
241,267
241,268
241,269
241,270
241,271
241,272
241,273
241,274
241,275
241,276
241,277
241,278
241,279
241,280
241,281
241,282
241,283
241,284
241,285
241,286
241,287
241,288
241,289
241,290
241,291
241,292
241,293
241,294
241,295
241,296
241,297
241,298
241,299
242,243
242,244
242,245
242,246
242,247
242,248
242,249
242,250
242,251
242,252
242,253
242,254
242,255
242,256
242,257
242,258
242,259
242,260
242,261
242,262
242,263
242,264
242,265
242,266
242,267
242,268
242,269
242,270
242,271
242,272
242,273
242,274
242,275
242,276
242,277
242,278
242,279
242,280
242,281
242,282
242,283
242,284
242,285
242,286
242,287
242,288
242,289
242,290
242,291
242,292
242,293
242,294
242,295
242,296
242,297
242,298
242,299
243,244
243,245
243,246
243,247
243,248
243,249
243,250
243,251
243,252
243,253
243,254
243,255
243,256
243,257
243,258
243,259
243,260
243,261
243,262
243,263
243,264
243,265
243,266
243,267
243,268
243,269
243,270
243,271
243,272
243,273
243,274
243,275
243,276
243,277
243,278
243,279
243,280
243,281
243,282
243,283
243,284
243,285
243,286
243,287
243,288
243,289
243,290
243,291
243,292
243,293
243,294
243,295
243,296
243,297
243,298
243,299
244,245
244,246
244,247
244,248
244,249
244,250
244,251
244,252
244,253
244,254
244,255
244,256
244,257
244,258
244,259
244,260
244,261
244,262
244,263
244,264
244,265
244,266
244,267
244,268
244,269
244,270
244,271
244,272
244,273
244,274
244,275
244,276
244,277
244,278
244,279
244,280
244,281
244,282
244,283
244,284
244,285
244,286
244,287
244,288
244,289
244,290
244,291
244,292
244,293
244,294
244,295
244,296
244,297
244,298
244,299
245,246
245,247
245,248
245,249
245,250
245,251
245,252
245,253
245,254
245,255
245,256
245,257
245,258
245,259
245,260
245,261
245,262
245,263
245,264
245,265
245,266
245,267
245,268
245,269
245,270
245,271
245,272
245,273
245,274
245,275
245,276
245,277
245,278
245,279
245,280
245,281
245,282
245,283
245,284
245,285
245,286
245,287
245,288
245,289
245,290
245,291
245,292
245,293
245,294
245,295
245,296
245,297
245,298
245,299
246,247
246,248
246,249
246,250
246,251
246,252
246,253
246,254
246,255
246,256
246,257
246,258
246,259
246,260
246,261
246,262
246,263
246,264
246,265
246,266
246,267
246,268
246,269
246,270
246,271
246,272
246,273
246,274
246,275
246,276
246,277
246,278
246,279
246,280
246,281
246,282
246,283
246,284
246,285
246,286
246,287
246,288
246,289
246,290
246,291
246,292
246,293
246,294
246,295
246,296
246,297
246,298
246,299
247,248
247,249
247,250
247,251
247,252
247,253
247,254
247,255
247,256
247,257
247,258
247,259
247,260
247,261
247,262
247,263
247,264
247,265
247,266
247,267
247,268
247,269
247,270
247,271
247,272
247,273
247,274
247,275
247,276
247,277
247,278
247,279
247,280
247,281
247,282
247,283
247,284
247,285
247,286
247,287
247,288
247,289
247,290
247,291
247,292
247,293
247,294
247,295
247,296
247,297
247,298
247,299
248,249
248,250
248,251
248,252
248,253
248,254
248,255
248,256
248,257
248,258
248,259
248,260
248,261
248,262
248,263
248,264
248,265
248,266
248,267
248,268
248,269
248,270
248,271
248,272
248,273
248,274
248,275
248,276
248,277
248,278
248,279
248,280
248,281
248,282
248,283
248,284
248,285
248,286
248,287
248,288
248,289
248,290
248,291
248,292
248,293
248,294
248,295
248,296
248,297
248,298
248,299
249,250
249,251
249,252
249,253
249,254
249,255
249,256
249,257
249,258
249,259
249,260
249,261
249,262
249,263
249,264
249,265
249,266
249,267
249,268
249,269
249,270
249,271
249,272
249,273
249,274
249,275
249,276
249,277
249,278
249,279
249,280
249,281
249,282
249,283
249,284
249,285
249,286
249,287
249,288
249,289
249,290
249,291
249,292
249,293
249,294
249,295
249,296
249,297
249,298
249,299
250,251
250,252
250,253
250,254
250,255
250,256
250,257
250,258
250,259
250,260
250,261
250,262
250,263
250,264
250,265
250,266
250,267
250,268
250,269
250,270
250,271
250,272
250,273
250,274
250,275
250,276
250,277
250,278
250,279
250,280
250,281
250,282
250,283
250,284
250,285
250,286
250,287
250,288
250,289
250,290
250,291
250,292
250,293
250,294
250,295
250,296
250,297
250,298
250,299
251,252
251,253
251,254
251,255
251,256
251,257
251,258
251,259
251,260
251,261
251,262
251,263
251,264
251,265
251,266
251,267
251,268
251,269
251,270
251,271
251,272
251,273
251,274
251,275
251,276
251,277
251,278
251,279
251,280
251,281
251,282
251,283
251,284
251,285
251,286
251,287
251,288
251,289
251,290
251,291
251,292
251,293
251,294
251,295
251,296
251,297
251,298
251,299
252,253
252,254
252,255
252,256
252,257
252,258
252,259
252,260
252,261
252,262
252,263
252,264
252,265
252,266
252,267
252,268
252,269
252,270
252,271
252,272
252,273
252,274
252,275
252,276
252,277
252,278
252,279
252,280
252,281
252,282
252,283
252,284
252,285
252,286
252,287
252,288
252,289
252,290
252,291
252,292
252,293
252,294
252,295
252,296
252,297
252,298
252,299
253,254
253,255
253,256
253,257
253,258
253,259
253,260
253,261
253,262
253,263
253,264
253,265
253,266
253,267
253,268
253,269
253,270
253,271
253,272
253,273
253,274
253,275
253,276
253,277
253,278
253,279
253,280
253,281
253,282
253,283
253,284
253,285
253,286
253,287
253,288
253,289
253,290
253,291
253,292
253,293
253,294
253,295
253,296
253,297
253,298
253,299
254,255
254,256
254,257
254,258
254,259
254,260
254,261
254,262
254,263
254,264
254,265
254,266
254,267
254,268
254,269
254,270
254,271
254,272
254,273
254,274
254,275
254,276
254,277
254,278
254,279
254,280
254,281
254,282
254,283
254,284
254,285
254,286
254,287
254,288
254,289
254,290
254,291
254,292
254,293
254,294
254,295
254,296
254,297
254,298
254,299
255,256
255,257
255,258
255,259
255,260
255,261
255,262
255,263
255,264
255,265
255,266
255,267
255,268
255,269
255,270
255,271
255,272
255,273
255,274
255,275
255,276
255,277
255,278
255,279
255,280
255,281
255,282
255,283
255,284
255,285
255,286
255,287
255,288
255,289
255,290
255,291
255,292
255,293
255,294
255,295
255,296
255,297
255,298
255,299
256,257
256,258
256,259
256,260
256,261
256,262
256,263
256,264
256,265
256,266
256,267
256,268
256,269
256,270
256,271
256,272
256,273
256,274
256,275
256,276
256,277
256,278
256,279
256,280
256,281
256,282
256,283
256,284
256,285
256,286
256,287
256,288
256,289
256,290
256,291
256,292
256,293
256,294
256,295
256,296
256,297
256,298
256,299
257,258
257,259
257,260
257,261
257,262
257,263
257,264
257,265
257,266
257,267
257,268
257,269
257,270
257,271
257,272
257,273
257,274
257,275
257,276
257,277
257,278
257,279
257,280
257,281
257,282
257,283
257,284
257,285
257,286
257,287
257,288
257,289
257,290
257,291
257,292
257,293
257,294
257,295
257,296
257,297
257,298
257,299
258,259
258,260
258,261
258,262
258,263
258,264
258,265
258,266
258,267
258,268
258,269
258,270
258,271
258,272
258,273
258,274
258,275
258,276
258,277
258,278
258,279
258,280
258,281
258,282
258,283
258,284
258,285
258,286
258,287
258,288
258,289
258,290
258,291
258,292
258,293
258,294
258,295
258,296
258,297
258,298
258,299
259,260
259,261
259,262
259,263
259,264
259,265
259,266
259,267
259,268
259,269
259,270
259,271
259,272
259,273
259,274
259,275
259,276
259,277
259,278
259,279
259,280
259,281
259,282
259,283
259,284
259,285
259,286
259,287
259,288
259,289
259,290
259,291
259,292
259,293
259,294
259,295
259,296
259,297
259,298
259,299
260,261
260,262
260,263
260,264
260,265
260,266
260,267
260,268
260,269
260,270
260,271
260,272
260,273
260,274
260,275
260,276
260,277
260,278
260,279
260,280
260,281
260,282
260,283
260,284
260,285
260,286
260,287
260,288
260,289
260,290
260,291
260,292
260,293
260,294
260,295
260,296
260,297
260,298
260,299
261,262
261,263
261,264
261,265
261,266
261,267
261,268
261,269
261,270
261,271
261,272
261,273
261,274
261,275
261,276
261,277
261,278
261,279
261,280
261,281
261,282
261,283
261,284
261,285
261,286
261,287
261,288
261,289
261,290
261,291
261,292
261,293
261,294
261,295
261,296
261,297
261,298
261,299
262,263
262,264
262,265
262,266
262,267
262,268
262,269
262,270
262,271
262,272
262,273
262,274
262,275
262,276
262,277
262,278
262,279
262,280
262,281
262,282
262,283
262,284
262,285
262,286
262,287
262,288
262,289
262,290
262,291
262,292
262,293
262,294
262,295
262,296
262,297
262,298
262,299
263,264
263,265
263,266
263,267
263,268
263,269
263,270
263,271
263,272
263,273
263,274
263,275
263,276
263,277
263,278
263,279
263,280
263,281
263,282
263,283
263,284
263,285
263,286
263,287
263,288
263,289
263,290
263,291
263,292
263,293
263,294
263,295
263,296
263,297
263,298
263,299
264,265
264,266
264,267
264,268
264,269
264,270
264,271
264,272
264,273
264,274
264,275
264,276
264,277
264,278
264,279
264,280
264,281
264,282
264,283
264,284
264,285
264,286
264,287
264,288
264,289
264,290
264,291
264,292
264,293
264,294
264,295
264,296
264,297
264,298
264,299
265,266
265,267
265,268
265,269
265,270
265,271
265,272
265,273
265,274
265,275
265,276
265,277
265,278
265,279
265,280
265,281
265,282
265,283
265,284
265,285
265,286
265,287
265,288
265,289
265,290
265,291
265,292
265,293
265,294
265,295
265,296
265,297
265,298
265,299
266,267
266,268
266,269
266,270
266,271
266,272
266,273
266,274
266,275
266,276
266,277
266,278
266,279
266,280
266,281
266,282
266,283
266,284
266,285
266,286
266,287
266,288
266,289
266,290
266,291
266,292
266,293
266,294
266,295
266,296
266,297
266,298
266,299
267,268
267,269
267,270
267,271
267,272
267,273
267,274
267,275
267,276
267,277
267,278
267,279
267,280
267,281
267,282
267,283
267,284
267,285
267,286
267,287
267,288
267,289
267,290
267,291
267,292
267,293
267,294
267,295
267,296
267,297
267,298
267,299
268,269
268,270
268,271
268,272
268,273
268,274
268,275
268,276
268,277
268,278
268,279
268,280
268,281
268,282
268,283
268,284
268,285
268,286
268,287
268,288
268,289
268,290
268,291
268,292
268,293
268,294
268,295
268,296
268,297
268,298
268,299
269,270
269,271
269,272
269,273
269,274
269,275
269,276
269,277
269,278
269,279
269,280
269,281
269,282
269,283
269,284
269,285
269,286
269,287
269,288
269,289
269,290
269,291
269,292
269,293
269,294
269,295
269,296
269,297
269,298
269,299
270,271
270,272
270,273
270,274
270,275
270,276
270,277
270,278
270,279
270,280
270,281
270,282
270,283
270,284
270,285
270,286
270,287
270,288
270,289
270,290
270,291
270,292
270,293
270,294
270,295
270,296
270,297
270,298
270,299
271,272
271,273
271,274
271,275
271,276
271,277
271,278
271,279
271,280
271,281
271,282
271,283
271,284
271,285
271,286
271,287
271,288
271,289
271,290
271,291
271,292
271,293
271,294
271,295
271,296
271,297
271,298
271,299
272,273
272,274
272,275
272,276
272,277
272,278
272,279
272,280
272,281
272,282
272,283
272,284
272,285
272,286
272,287
272,288
272,289
272,290
272,291
272,292
272,293
272,294
272,295
272,296
272,297
272,298
272,299
273,274
273,275
273,276
273,277
273,278
273,279
273,280
273,281
273,282
273,283
273,284
273,285
273,286
273,287
273,288
273,289
273,290
273,291
273,292
273,293
273,294
273,295
273,296
273,297
273,298
273,299
274,275
274,276
274,277
274,278
274,279
274,280
274,281
274,282
274,283
274,284
274,285
274,286
274,287
274,288
274,289
274,290
274,291
274,292
274,293
274,294
274,295
274,296
274,297
274,298
274,299
275,276
275,277
275,278
275,279
275,280
275,281
275,282
275,283
275,284
275,285
275,286
275,287
275,288
275,289
275,290
275,291
275,292
275,293
275,294
275,295
275,296
275,297
275,298
275,299
276,277
276,278
276,279
276,280
276,281
276,282
276,283
276,284
276,285
276,286
276,287
276,288
276,289
276,290
276,291
276,292
276,293
276,294
276,295
276,296
276,297
276,298
276,299
277,278
277,279
277,280
277,281
277,282
277,283
277,284
277,285
277,286
277,287
277,288
277,289
277,290
277,291
277,292
277,293
277,294
277,295
277,296
277,297
277,298
277,299
278,279
278,280
278,281
278,282
278,283
278,284
278,285
278,286
278,287
278,288
278,289
278,290
278,291
278,292
278,293
278,294
278,295
278,296
278,297
278,298
278,299
279,280
279,281
279,282
279,283
279,284
279,285
279,286
279,287
279,288
279,289
279,290
279,291
279,292
279,293
279,294
279,295
279,296
279,297
279,298
279,299
280,281
280,282
280,283
280,284
280,285
280,286
280,287
280,288
280,289
280,290
280,291
280,292
280,293
280,294
280,295
280,296
280,297
280,298
280,299
281,282
281,283
281,284
281,285
281,286
281,287
281,288
281,289
281,290
281,291
281,292
281,293
281,294
281,295
281,296
281,297
281,298
281,299
282,283
282,284
282,285
282,286
282,287
282,288
282,289
282,290
282,291
282,292
282,293
282,294
282,295
282,296
282,297
282,298
282,299
283,284
283,285
283,286
283,287
283,288
283,289
283,290
283,291
283,292
283,293
283,294
283,295
283,296
283,297
283,298
283,299
284,285
284,286
284,287
284,288
284,289
284,290
284,291
284,292
284,293
284,294
284,295
284,296
284,297
284,298
284,299
285,286
285,287
285,288
285,289
285,290
285,291
285,292
285,293
285,294
285,295
285,296
285,297
285,298
285,299
286,287
286,288
286,289
286,290
286,291
286,292
286,293
286,294
286,295
286,296
286,297
286,298
286,299
287,288
287,289
287,290
287,291
287,292
287,293
287,294
287,295
287,296
287,297
287,298
287,299
288,289
288,290
288,291
288,292
288,293
288,294
288,295
288,296
288,297
288,298
288,299
289,290
289,291
289,292
289,293
289,294
289,295
289,296
289,297
289,298
289,299
290,291
290,292
290,293
290,294
290,295
290,296
290,297
290,298
290,299
291,292
291,293
291,294
291,295
291,296
291,297
291,298
291,299
292,293
292,294
292,295
292,296
292,297
292,298
292,299
293,294
293,295
293,296
293,297
293,298
293,299
294,295
294,296
294,297
294,298
294,299
295,296
295,297
295,298
295,299
296,297
296,298
296,299
297,298
297,299
298,299
